FN,FP,MSE,TN,TP,sr,t
0.0,46.0,0.07511235198019758,0.0,410.0,2,13.502753092236302
0.0,91.0,0.10172892084989327,0.0,365.0,2,13.803859817649501
127.6,82.2,0.06047664837849981,54.8,191.4,2,14.032251164870901
82.2,127.4,0.06671194749460291,54.6,191.8,2,14.233252060704999
114.0,114.0,0.0761596480683444,114.0,114.0,2,14.440960814602402
145.6,54.8,0.06765928746573316,219.2,36.4,2,14.6307274187917
109.6,63.8,0.07461976064781471,255.2,27.4,2,14.8784780444677
91.0,0.0,0.06254316131358759,365.0,0.0,2,15.222434323308498
46.0,0.0,0.07756776590652956,410.0,0.0,2,15.637958571596501
32.6,40.3,0.09774518885926903,5.7,377.4,47,13.502753092236302
72.0,68.5,0.09684097058550374,22.5,293.0,47,13.803859817649501
93.1,87.8,0.10119366407441313,49.2,225.9,47,14.032251164870901
87.1,96.5,0.09261936479911208,85.5,186.9,47,14.233252060704999
90.8,111.9,0.10729177183051616,116.1,137.2,47,14.440960814602402
99.0,105.1,0.10940783250630917,168.9,83.0,47,14.6307274187917
85.8,65.3,0.09237415849117935,253.7,51.2,47,14.8784780444677
58.2,70.3,0.07959141931147698,294.7,32.8,47,15.222434323308498
39.4,25.9,0.1149846604154385,384.1,6.6,47,15.637958571596501
24.0,41.1,0.07270868528386823,4.9,386.0,92,13.502753092236302
56.3,70.3,0.08531338528176584,20.7,308.7,92,13.803859817649501
87.7,87.0,0.08178173984045653,50.0,231.3,92,14.032251164870901
95.5,92.5,0.07905062956248318,89.5,178.5,92,14.233252060704999
87.5,97.3,0.10456079913038581,130.7,140.5,92,14.440960814602402
88.5,89.5,0.06826242466703264,184.5,93.5,92,14.6307274187917
74.9,71.8,0.10978073448963618,247.2,62.1,92,14.8784780444677
56.5,51.3,0.09368602124065903,313.7,34.5,92,15.222434323308498
36.2,21.6,0.1068545917391835,388.4,9.8,92,15.637958571596501
25.9,41.1,0.08029223370832517,4.9,384.1,137,13.502753092236302
60.2,68.4,0.0775167020814696,22.6,304.8,137,13.803859817649501
85.1,83.8,0.07742341760999953,53.2,233.9,137,14.032251164870901
80.3,87.8,0.08985746309588669,94.2,193.7,137,14.233252060704999
86.8,93.5,0.0704532414348771,134.5,141.2,137,14.440960814602402
78.9,81.5,0.0798743277515066,192.5,103.1,137,14.6307274187917
75.3,66.1,0.09454694231411377,252.9,61.7,137,14.8784780444677
54.7,39.6,0.07113675409459838,325.4,36.3,137,15.222434323308498
35.2,19.4,0.08191147813414609,390.6,10.8,137,15.637958571596501
22.4,41.2,0.057700390228540586,4.8,387.6,182,13.502753092236302
56.6,68.3,0.07506200539478555,22.7,308.4,182,13.803859817649501
73.9,79.9,0.06593450609698995,57.1,245.1,182,14.032251164870901
79.6,82.4,0.06886458787698269,99.6,194.4,182,14.233252060704999
85.1,94.0,0.0644230009093846,134.0,142.9,182,14.440960814602402
82.6,78.6,0.06149757359580578,195.4,99.4,182,14.6307274187917
64.3,56.2,0.0675506780344254,262.8,72.7,182,14.8784780444677
56.0,37.1,0.06980999718926464,327.9,35.0,182,15.222434323308498
24.6,24.6,0.09059308650192939,385.4,21.4,182,15.637958571596501
25.9,39.5,0.05744644782502001,6.5,384.1,227,13.502753092236302
50.3,64.0,0.06798714844547993,27.0,314.7,227,13.803859817649501
72.5,81.0,0.07712588325681827,56.0,246.5,227,14.032251164870901
80.6,88.9,0.06690398703933996,93.1,193.4,227,14.233252060704999
77.1,80.6,0.058041366763419,147.4,150.9,227,14.440960814602402
83.2,66.1,0.06469240359428953,207.9,98.8,227,14.6307274187917
68.3,63.9,0.07291211437532431,255.1,68.7,227,14.8784780444677
48.9,41.2,0.07617662880704565,323.8,42.1,227,15.222434323308498
30.1,19.9,0.06662795420066041,390.1,15.9,227,15.637958571596501
21.5,39.5,0.07159310974173524,6.5,388.5,272,13.502753092236302
52.3,64.1,0.05999365574967832,26.9,312.7,272,13.803859817649501
67.1,80.2,0.06859700270056036,56.8,251.9,272,14.032251164870901
81.2,84.0,0.05548867292107117,98.0,192.8,272,14.233252060704999
86.9,77.6,0.07776546913625501,150.4,141.1,272,14.440960814602402
78.3,77.7,0.07530338968094769,196.3,103.7,272,14.6307274187917
69.5,63.0,0.06997918037890392,256.0,67.5,272,14.8784780444677
52.0,35.3,0.06645828048124616,329.7,39.0,272,15.222434323308498
27.9,21.1,0.06369423724229831,388.9,18.1,272,15.637958571596501
25.5,39.5,0.0534055478116995,6.5,384.5,317,13.502753092236302
49.2,63.8,0.06960603388193039,27.2,315.8,317,13.803859817649501
69.5,85.4,0.08335338852780991,51.6,249.5,317,14.032251164870901
85.9,75.2,0.055982676387399025,106.8,188.1,317,14.233252060704999
77.6,78.0,0.05574688464990938,150.0,150.4,317,14.440960814602402
81.8,63.2,0.06689559879400689,210.8,100.2,317,14.6307274187917
67.6,54.1,0.053403186131998924,264.9,69.4,317,14.8784780444677
50.0,42.9,0.05854089512313987,322.1,41.0,317,15.222434323308498
22.4,18.2,0.06257360951259107,391.8,23.6,317,15.637958571596501
18.6,39.3,0.05496572598118019,6.7,391.4,362,13.502753092236302
41.1,65.3,0.0532523497476224,25.7,323.9,362,13.803859817649501
65.9,76.2,0.053696063622675295,60.8,253.1,362,14.032251164870901
83.9,83.5,0.05737942853248947,98.5,190.1,362,14.233252060704999
83.6,67.2,0.058114399249815984,160.8,144.4,362,14.440960814602402
77.1,65.8,0.06707126438642427,208.2,104.9,362,14.6307274187917
61.6,45.0,0.058857478653781735,274.0,75.4,362,14.8784780444677
48.6,36.2,0.05977919875818035,328.8,42.4,362,15.222434323308498
27.3,17.7,0.05685524357511047,392.3,18.7,362,15.637958571596501
13.4,39.4,0.060177307460178374,6.6,396.6,407,13.502753092236302
36.5,66.1,0.06541879521965709,24.9,328.5,407,13.803859817649501
67.1,78.4,0.04554571173540043,58.6,251.9,407,14.032251164870901
70.6,77.9,0.04576264733541614,104.1,203.4,407,14.233252060704999
78.8,73.4,0.04912361392377523,154.6,149.2,407,14.440960814602402
71.7,63.6,0.04860737973192442,210.4,110.3,407,14.6307274187917
64.1,52.8,0.0586912573257463,266.2,72.9,407,14.8784780444677
49.3,31.1,0.0466219120072802,333.9,41.7,407,15.222434323308498
21.4,18.3,0.05506054935945535,391.7,24.6,407,15.637958571596501
13.1,40.2,0.05788756081574644,5.8,396.9,452,13.502753092236302
45.0,66.5,0.056357643046986025,24.5,320.0,452,13.803859817649501
62.0,80.1,0.07478590218815637,56.9,257.0,452,14.032251164870901
67.4,83.1,0.05988205826984844,98.9,206.6,452,14.233252060704999
76.7,70.7,0.06004081369936032,157.3,151.3,452,14.440960814602402
74.4,55.5,0.053519963874824085,218.5,107.6,452,14.6307274187917
59.4,42.7,0.058888485908116864,276.3,77.6,452,14.8784780444677
45.8,31.0,0.05504098128853756,334.0,45.2,452,15.222434323308498
19.3,17.9,0.0521547429787378,392.1,26.7,452,15.637958571596501
17.1,39.9,0.06175405678805318,6.1,392.9,497,13.502753092236302
41.0,62.7,0.04802604143052441,28.3,324.0,497,13.803859817649501
58.6,79.6,0.058600559506532146,57.4,260.4,497,14.032251164870901
72.5,70.6,0.05529718639458142,111.4,201.5,497,14.233252060704999
78.8,72.7,0.06821620371032713,155.3,149.2,497,14.440960814602402
74.0,62.6,0.04894327819615288,211.4,108.0,497,14.6307274187917
59.5,45.0,0.060550669105802236,274.0,77.5,497,14.8784780444677
44.9,36.2,0.06271312042975166,328.8,46.1,497,15.222434323308498
21.0,15.6,0.05632419445163635,394.4,25.0,497,15.637958571596501
19.4,38.3,0.0608371264283127,7.7,390.6,542,13.502753092236302
42.5,65.4,0.04800012913178418,25.6,322.5,542,13.803859817649501
57.2,78.0,0.05379895592404958,59.0,261.8,542,14.032251164870901
72.0,78.7,0.061427085613241686,103.3,202.0,542,14.233252060704999
71.4,65.8,0.04765845760335783,162.2,156.6,542,14.440960814602402
70.6,49.4,0.04991111136553224,224.6,111.4,542,14.6307274187917
61.1,45.1,0.05752173693589453,273.9,75.9,542,14.8784780444677
45.1,28.2,0.05004939771592568,336.8,45.9,542,15.222434323308498
20.1,13.0,0.047830971627709155,397.0,25.9,542,15.637958571596501
14.8,37.5,0.04885870747531644,8.5,395.2,587,13.502753092236302
38.0,64.5,0.04590054888941749,26.5,327.0,587,13.803859817649501
59.5,71.3,0.043882055439066626,65.7,259.5,587,14.032251164870901
73.4,66.2,0.044163213968325524,115.8,200.6,587,14.233252060704999
76.3,68.1,0.04938856995251007,159.9,151.7,587,14.440960814602402
75.3,52.1,0.05416727355481926,221.9,106.7,587,14.6307274187917
58.4,41.8,0.04516591768828081,277.2,78.6,587,14.8784780444677
42.8,31.5,0.056913445680060924,333.5,48.2,587,15.222434323308498
19.3,17.8,0.05697529190788238,392.2,26.7,587,15.637958571596501
13.3,38.6,0.05043667204210854,7.4,396.7,632,13.502753092236302
28.7,68.5,0.04642326665489053,22.5,336.3,632,13.803859817649501
48.9,78.4,0.04912776961158976,58.6,270.1,632,14.032251164870901
65.8,76.2,0.04813057473148588,105.8,208.2,632,14.233252060704999
72.1,71.1,0.04426164596310356,156.9,155.9,632,14.440960814602402
67.7,55.3,0.0480290872964992,218.7,114.3,632,14.6307274187917
61.2,41.3,0.04877730531266425,277.7,75.8,632,14.8784780444677
45.3,27.7,0.052497355174705294,337.3,45.7,632,15.222434323308498
19.3,17.1,0.054510555881524744,392.9,26.7,632,15.637958571596501
10.9,39.6,0.04106556413539982,6.4,399.1,677,13.502753092236302
31.0,65.2,0.048965068949043136,25.8,334.0,677,13.803859817649501
52.2,74.4,0.049081863209941935,62.6,266.8,677,14.032251164870901
72.0,73.7,0.0491853357833242,108.3,202.0,677,14.233252060704999
77.1,66.6,0.049394154207057124,161.4,150.9,677,14.440960814602402
74.1,51.7,0.05058486267696133,222.3,107.9,677,14.6307274187917
54.2,46.0,0.0473365359194351,273.0,82.8,677,14.8784780444677
43.0,32.1,0.04540210570401986,332.9,48.0,677,15.222434323308498
17.6,15.2,0.04971855231093248,394.8,28.4,677,15.637958571596501
13.8,39.8,0.04985042739901168,6.2,396.2,722,13.502753092236302
34.3,64.9,0.05954702317672737,26.1,330.7,722,13.803859817649501
52.4,77.5,0.04979747087373839,59.5,266.6,722,14.032251164870901
69.2,72.2,0.06048116163981916,109.8,204.8,722,14.233252060704999
68.3,65.9,0.04746404715714765,162.1,159.7,722,14.440960814602402
68.9,54.5,0.04023444063742975,219.5,113.1,722,14.6307274187917
53.5,44.4,0.044587704049453884,274.6,83.5,722,14.8784780444677
47.3,31.4,0.04472367897502199,333.6,43.7,722,15.222434323308498
24.7,15.0,0.05129307934466123,395.0,21.3,722,15.637958571596501
11.8,39.4,0.056326448758704316,6.6,398.2,767,13.502753092236302
34.0,65.6,0.04835748906068663,25.4,331.0,767,13.803859817649501
57.1,73.8,0.04643119538752266,63.2,261.9,767,14.032251164870901
62.4,69.4,0.042295758984522445,112.6,211.6,767,14.233252060704999
72.1,64.1,0.05354895112560607,163.9,155.9,767,14.440960814602402
78.3,53.3,0.0498685743881771,220.7,103.7,767,14.6307274187917
57.8,41.8,0.03904911015738721,277.2,79.2,767,14.8784780444677
42.6,27.0,0.0484936236520772,338.0,48.4,767,15.222434323308498
18.1,15.1,0.04226526124329013,394.9,27.9,767,15.637958571596501
11.2,40.3,0.04566373577199728,5.7,398.8,812,13.502753092236302
32.8,65.0,0.04876493373915798,26.0,332.2,812,13.803859817649501
49.8,73.8,0.04017190207301618,63.2,269.2,812,14.032251164870901
58.4,67.4,0.05133971775608075,114.6,215.6,812,14.233252060704999
71.7,62.6,0.04221232173807256,165.4,156.3,812,14.440960814602402
66.2,56.2,0.050624566637096205,217.8,115.8,812,14.6307274187917
57.5,44.8,0.040745533538684243,274.2,79.5,812,14.8784780444677
42.3,26.6,0.04453293554269349,338.4,48.7,812,15.222434323308498
21.3,15.4,0.045515587596488764,394.6,24.7,812,15.637958571596501
14.4,39.3,0.04186055272771954,6.7,395.6,857,13.502753092236302
24.7,67.0,0.041614134478621966,24.0,340.3,857,13.803859817649501
55.4,75.4,0.04640295802267723,61.6,263.6,857,14.032251164870901
64.1,70.0,0.03846906831041477,112.0,209.9,857,14.233252060704999
69.9,62.4,0.044629856583570784,165.6,158.1,857,14.440960814602402
69.8,47.9,0.04402752188819167,226.1,112.2,857,14.6307274187917
50.9,41.9,0.04538871825023054,277.1,86.1,857,14.8784780444677
40.9,30.7,0.05422405818883351,334.3,50.1,857,15.222434323308498
21.1,15.4,0.048690714172919224,394.6,24.9,857,15.637958571596501
10.9,39.3,0.042972369748958315,6.7,399.1,902,13.502753092236302
34.0,65.6,0.04172351355465296,25.4,331.0,902,13.803859817649501
51.7,72.2,0.044779581587608586,64.8,267.3,902,14.032251164870901
64.1,66.4,0.04698216399040937,115.6,209.9,902,14.233252060704999
70.6,62.9,0.04566687026915896,165.1,157.4,902,14.440960814602402
67.3,53.6,0.04587732559692663,220.4,114.7,902,14.6307274187917
56.2,42.5,0.046929621057425805,276.5,80.8,902,14.8784780444677
43.3,24.0,0.04828781839506735,341.0,47.7,902,15.222434323308498
18.4,14.9,0.04010739589637758,395.1,27.6,902,15.637958571596501
10.4,37.3,0.04567665882992196,8.7,399.6,947,13.502753092236302
29.3,67.8,0.04882346483987455,23.2,335.7,947,13.803859817649501
46.4,70.5,0.042880629426261384,66.5,272.6,947,14.032251164870901
62.8,68.0,0.04527835106121657,114.0,211.2,947,14.233252060704999
69.0,58.0,0.039823124482340475,170.0,159.0,947,14.440960814602402
62.7,52.8,0.044107208943095194,221.2,119.3,947,14.6307274187917
55.1,34.1,0.04115878804607711,284.9,81.9,947,14.8784780444677
40.9,27.8,0.04719381228401875,337.2,50.1,947,15.222434323308498
17.5,15.0,0.04284174067253325,395.0,28.5,947,15.637958571596501
9.9,38.6,0.03829572663735136,7.4,400.1,992,13.502753092236302
28.4,65.8,0.050551333818847466,25.2,336.6,992,13.803859817649501
49.8,72.2,0.0453411709349662,64.8,269.2,992,14.032251164870901
65.3,71.3,0.04252511992637811,110.7,208.7,992,14.233252060704999
68.9,65.8,0.04865048012160098,162.2,159.1,992,14.440960814602402
65.6,53.0,0.045254775817563965,221.0,116.4,992,14.6307274187917
53.5,38.8,0.045914734377718786,280.2,83.5,992,14.8784780444677
45.9,26.1,0.038941491707613504,338.9,45.1,992,15.222434323308498
17.7,13.0,0.04553528838156451,397.0,28.3,992,15.637958571596501
8.6,40.1,0.04182653625928009,5.9,401.4,1037,13.502753092236302
26.1,64.6,0.040194439512756086,26.4,338.9,1037,13.803859817649501
52.7,68.6,0.04827426541004036,68.4,266.3,1037,14.032251164870901
62.0,69.0,0.042764686518651056,113.0,212.0,1037,14.233252060704999
70.7,57.0,0.041517115790138906,171.0,157.3,1037,14.440960814602402
67.8,48.5,0.039088564138980327,225.5,114.2,1037,14.6307274187917
52.3,41.2,0.043978276557787875,277.8,84.7,1037,14.8784780444677
41.8,26.0,0.04126431627841094,339.0,49.2,1037,15.222434323308498
19.0,13.8,0.04712353149801411,396.2,27.0,1037,15.637958571596501
11.8,39.4,0.044565757912788696,6.6,398.2,1082,13.502753092236302
28.9,66.3,0.03625319496341846,24.7,336.1,1082,13.803859817649501
54.2,68.2,0.040985528848722176,68.8,264.8,1082,14.032251164870901
64.4,66.0,0.03804485711164206,116.0,209.6,1082,14.233252060704999
71.4,54.8,0.04294897488157092,173.2,156.6,1082,14.440960814602402
66.3,50.1,0.0442206823464865,223.9,115.7,1082,14.6307274187917
56.2,44.4,0.04921589957652576,274.6,80.8,1082,14.8784780444677
41.7,30.2,0.04950266771794902,334.8,49.3,1082,15.222434323308498
18.9,14.9,0.039283415067396826,395.1,27.1,1082,15.637958571596501
10.3,38.8,0.0473757931392917,7.2,399.7,1127,13.502753092236302
22.1,67.5,0.0527323112415346,23.5,342.9,1127,13.803859817649501
44.6,75.9,0.03795585768103309,61.1,274.4,1127,14.032251164870901
63.1,65.4,0.03811256094973044,116.6,210.9,1127,14.233252060704999
63.0,67.3,0.040823313660915926,160.7,165.0,1127,14.440960814602402
66.1,54.9,0.041883924361807004,219.1,115.9,1127,14.6307274187917
52.4,36.2,0.04557866761756168,282.8,84.6,1127,14.8784780444677
39.3,29.7,0.04012879965314992,335.3,51.7,1127,15.222434323308498
21.1,13.8,0.0399121007805007,396.2,24.9,1127,15.637958571596501
12.1,38.4,0.04077524312631392,7.6,397.9,1172,13.502753092236302
28.8,65.6,0.037560683177529766,25.4,336.2,1172,13.803859817649501
52.8,70.3,0.040714737389738055,66.7,266.2,1172,14.032251164870901
55.6,72.2,0.03992633718951041,109.8,218.4,1172,14.233252060704999
66.4,58.6,0.045242301912179254,169.4,161.6,1172,14.440960814602402
70.2,48.0,0.037903650966827476,226.0,111.8,1172,14.6307274187917
53.8,36.4,0.04559645136033137,282.6,83.2,1172,14.8784780444677
44.3,25.6,0.05044590621525178,339.4,46.7,1172,15.222434323308498
17.9,13.4,0.03846131197157444,396.6,28.1,1172,15.637958571596501
11.7,38.3,0.04680152870778339,7.7,398.3,1217,13.502753092236302
24.9,68.5,0.04654179827036342,22.5,340.1,1217,13.803859817649501
45.3,70.5,0.04056558690864988,66.5,273.7,1217,14.032251164870901
56.3,64.0,0.040461358617807,118.0,217.7,1217,14.233252060704999
61.7,57.4,0.03471517816777532,170.6,166.3,1217,14.440960814602402
64.4,46.3,0.036565383965916035,227.7,117.6,1217,14.6307274187917
51.4,37.2,0.041419164697379496,281.8,85.6,1217,14.8784780444677
39.7,26.1,0.03809591805870197,338.9,51.3,1217,15.222434323308498
19.8,14.4,0.04235546780851998,395.6,26.2,1217,15.637958571596501
9.3,38.3,0.04680259569839585,7.7,400.7,1262,13.502753092236302
28.4,65.1,0.03866587139070419,25.9,336.6,1262,13.803859817649501
49.4,69.2,0.041472303550766185,67.8,269.6,1262,14.032251164870901
63.4,72.4,0.03987433683067365,109.6,210.6,1262,14.233252060704999
60.8,66.2,0.0438123632338438,161.8,167.2,1262,14.440960814602402
64.5,48.8,0.040021408289151614,225.2,117.5,1262,14.6307274187917
56.2,36.4,0.040078368889571295,282.6,80.8,1262,14.8784780444677
43.9,21.7,0.04237589408576427,343.3,47.1,1262,15.222434323308498
16.5,15.8,0.0411957365459553,394.2,29.5,1262,15.637958571596501
8.7,37.2,0.04331301771217025,8.8,401.3,1307,13.502753092236302
23.7,63.2,0.04601595034310983,27.8,341.3,1307,13.803859817649501
44.6,68.3,0.04507534184216874,68.7,274.4,1307,14.032251164870901
59.4,59.1,0.03954050218335385,122.9,214.6,1307,14.233252060704999
62.8,64.9,0.032861821379291965,163.1,165.2,1307,14.440960814602402
63.1,46.7,0.03664363414773343,227.3,118.9,1307,14.6307274187917
53.9,37.5,0.04267660883572692,281.5,83.1,1307,14.8784780444677
37.6,27.3,0.04200175231785436,337.7,53.4,1307,15.222434323308498
16.0,16.9,0.03930068062538898,393.1,30.0,1307,15.637958571596501
7.1,37.3,0.038480678579651165,8.7,402.9,1352,13.502753092236302
22.2,63.7,0.04308476354874542,27.3,342.8,1352,13.803859817649501
48.4,68.5,0.040337025541603455,68.5,270.6,1352,14.032251164870901
55.2,73.1,0.0403115725550553,108.9,218.8,1352,14.233252060704999
58.5,62.2,0.03473091493013633,165.8,169.5,1352,14.440960814602402
69.1,42.9,0.03846304953481365,231.1,112.9,1352,14.6307274187917
51.4,39.6,0.03187122375762082,279.4,85.6,1352,14.8784780444677
39.5,28.3,0.03644722048904252,336.7,51.5,1352,15.222434323308498
19.1,15.5,0.03497322601818127,394.5,26.9,1352,15.637958571596501
11.4,39.0,0.03932921914685863,7.0,398.6,1397,13.502753092236302
21.5,66.1,0.03844819283203096,24.9,343.5,1397,13.803859817649501
52.4,67.5,0.04004469296395814,69.5,266.6,1397,14.032251164870901
65.3,64.5,0.04923650568435712,117.5,208.7,1397,14.233252060704999
65.1,59.1,0.03765082214640689,168.9,162.9,1397,14.440960814602402
64.0,50.4,0.04446735216044694,223.6,118.0,1397,14.6307274187917
52.0,33.1,0.0442480433387952,285.9,85.0,1397,14.8784780444677
41.3,28.5,0.037955157214808063,336.5,49.7,1397,15.222434323308498
18.7,13.5,0.04187328504619886,396.5,27.3,1397,15.637958571596501
6.8,36.6,0.03739002756105187,9.4,403.2,1442,13.502753092236302
24.9,64.7,0.03920758092290463,26.3,340.1,1442,13.803859817649501
51.2,69.8,0.04477485591425408,67.2,267.8,1442,14.032251164870901
62.1,63.7,0.052685418945251805,118.3,211.9,1442,14.233252060704999
66.7,62.8,0.043908242887852944,165.2,161.3,1442,14.440960814602402
65.7,46.7,0.04010875521482137,227.3,116.3,1442,14.6307274187917
51.1,36.7,0.045605727720775965,282.3,85.9,1442,14.8784780444677
39.3,26.9,0.0402674993097898,338.1,51.7,1442,15.222434323308498
14.5,17.8,0.03349203603481535,392.2,31.5,1442,15.637958571596501
5.9,39.0,0.045254224835818764,7.0,404.1,1487,13.502753092236302
22.4,65.6,0.04026737358485507,25.4,342.6,1487,13.803859817649501
48.6,68.4,0.03803581161410893,68.6,270.4,1487,14.032251164870901
62.9,65.4,0.040593351366941074,116.6,211.1,1487,14.233252060704999
70.0,59.6,0.03981280423969252,168.4,158.0,1487,14.440960814602402
59.2,52.5,0.036555443396170506,221.5,122.8,1487,14.6307274187917
55.3,34.6,0.04013201719413208,284.4,81.7,1487,14.8784780444677
42.0,23.5,0.03655442184722456,341.5,49.0,1487,15.222434323308498
19.3,16.9,0.037233814702556045,393.1,26.7,1487,15.637958571596501
6.9,38.8,0.0393730274561468,7.2,403.1,1532,13.502753092236302
24.7,66.4,0.03634263790331333,24.6,340.3,1532,13.803859817649501
52.2,63.0,0.0376420100012705,74.0,266.8,1532,14.032251164870901
58.0,66.4,0.03513176204754328,115.6,216.0,1532,14.233252060704999
65.2,60.5,0.0438019584765645,167.5,162.8,1532,14.440960814602402
66.7,49.3,0.03826667368779092,224.7,115.3,1532,14.6307274187917
49.9,36.3,0.036260587897645316,282.7,87.1,1532,14.8784780444677
36.5,25.9,0.03444016298018805,339.1,54.5,1532,15.222434323308498
17.0,16.6,0.03868029654732909,393.4,29.0,1532,15.637958571596501
6.9,39.3,0.045731170819385186,6.7,403.1,1577,13.502753092236302
20.7,64.5,0.03645925222867904,26.5,344.3,1577,13.803859817649501
41.7,65.2,0.033883350900193676,71.8,277.3,1577,14.032251164870901
51.6,71.2,0.03884796346108097,110.8,222.4,1577,14.233252060704999
59.2,61.5,0.05007835087736121,166.5,168.8,1577,14.440960814602402
61.3,48.5,0.034181564651373786,225.5,120.7,1577,14.6307274187917
52.1,32.1,0.03503840921875974,286.9,84.9,1577,14.8784780444677
40.8,24.2,0.0378204311753106,340.8,50.2,1577,15.222434323308498
16.3,15.8,0.04291595659246395,394.2,29.7,1577,15.637958571596501
7.1,39.0,0.037276275718701256,7.0,402.9,1622,13.502753092236302
21.7,65.0,0.036564391923547726,26.0,343.3,1622,13.803859817649501
47.1,65.6,0.039338310778171716,71.4,271.9,1622,14.032251164870901
57.1,64.6,0.03828414999070469,117.4,216.9,1622,14.233252060704999
63.1,60.5,0.036284618183736586,167.5,164.9,1622,14.440960814602402
60.8,48.0,0.03442059916424306,226.0,121.2,1622,14.6307274187917
52.9,35.2,0.04073507525471964,283.8,84.1,1622,14.8784780444677
40.8,26.2,0.04261320927223411,338.8,50.2,1622,15.222434323308498
17.0,16.6,0.035527155534197205,393.4,29.0,1622,15.637958571596501
7.1,39.0,0.04650448189036704,7.0,402.9,1667,13.502753092236302
27.2,60.0,0.03447766715037193,31.0,337.8,1667,13.803859817649501
48.5,63.6,0.04676822489199626,73.4,270.5,1667,14.032251164870901
60.5,63.9,0.040166328001555215,118.1,213.5,1667,14.233252060704999
63.3,56.4,0.04121824086127132,171.6,164.7,1667,14.440960814602402
67.5,44.1,0.03786414603581682,229.9,114.5,1667,14.6307274187917
53.7,31.3,0.043811518201034384,287.7,83.3,1667,14.8784780444677
44.7,18.1,0.03507327977035459,346.9,46.3,1667,15.222434323308498
17.7,13.6,0.038242646837421,396.4,28.3,1667,15.637958571596501
6.0,39.3,0.040554432554461714,6.7,404.0,1712,13.502753092236302
24.5,66.7,0.04219655733533319,24.3,340.5,1712,13.803859817649501
36.1,70.8,0.03633533932772679,66.2,282.9,1712,14.032251164870901
56.2,58.4,0.03987003367194497,123.6,217.8,1712,14.233252060704999
61.5,55.7,0.031145149172792326,172.3,166.5,1712,14.440960814602402
64.7,46.3,0.03935747832252183,227.7,117.3,1712,14.6307274187917
55.1,39.3,0.054011980307879445,279.7,81.9,1712,14.8784780444677
42.5,21.7,0.03663138743094503,343.3,48.5,1712,15.222434323308498
16.1,15.2,0.043820865077126306,394.8,29.9,1712,15.637958571596501
4.9,38.6,0.03420959100320746,7.4,405.1,1757,13.502753092236302
22.8,61.9,0.03306473976242012,29.1,342.2,1757,13.803859817649501
46.1,66.4,0.04273124411124686,70.6,272.9,1757,14.032251164870901
55.4,61.6,0.033089957386399485,120.4,218.6,1757,14.233252060704999
59.1,60.7,0.034719297452360104,167.3,168.9,1757,14.440960814602402
67.0,48.0,0.04252542092755627,226.0,115.0,1757,14.6307274187917
50.1,36.0,0.0366788571564905,283.0,86.9,1757,14.8784780444677
39.0,23.5,0.03672185623918174,341.5,52.0,1757,15.222434323308498
15.8,15.0,0.03959587700822448,395.0,30.2,1757,15.637958571596501
5.7,38.8,0.042047234364668264,7.2,404.3,1802,13.502753092236302
20.9,62.6,0.041956236204191165,28.4,344.1,1802,13.803859817649501
44.4,65.3,0.03665994954865126,71.7,274.6,1802,14.032251164870901
55.6,60.5,0.03182441370557752,121.5,218.4,1802,14.233252060704999
58.5,58.1,0.03807681886815767,169.9,169.5,1802,14.440960814602402
66.1,47.1,0.043629174018591746,226.9,115.9,1802,14.6307274187917
49.8,33.0,0.03293312889785115,286.0,87.2,1802,14.8784780444677
39.1,22.5,0.03663757887529738,342.5,51.9,1802,15.222434323308498
14.7,13.0,0.037694375065690136,397.0,31.3,1802,15.637958571596501
6.1,38.3,0.039261294791008254,7.7,403.9,1847,13.502753092236302
22.8,64.6,0.04206553017472775,26.4,342.2,1847,13.803859817649501
45.2,65.0,0.045322265885964615,72.0,273.8,1847,14.032251164870901
57.2,71.0,0.03732121511950725,112.0,215.8,1847,14.233252060704999
60.7,57.1,0.035887053883594214,170.9,167.3,1847,14.440960814602402
62.1,50.8,0.03059485440335797,223.2,119.9,1847,14.6307274187917
55.3,34.5,0.045070655537054624,284.5,81.7,1847,14.8784780444677
38.9,28.8,0.04470753669288167,336.2,52.1,1847,15.222434323308498
14.8,15.7,0.03251623802170138,395.3,30.2,1847,15.637958571596501
6.8,37.2,0.03128281173709863,8.8,403.2,1892,13.502753092236302
17.8,63.2,0.03445851178779403,27.8,347.2,1892,13.803859817649501
47.8,61.4,0.04228998624410531,75.6,271.2,1892,14.032251164870901
60.8,64.8,0.03144274098224208,118.2,212.2,1892,14.233252060704999
66.8,53.6,0.040917785351628586,174.4,161.2,1892,14.440960814602402
63.8,45.8,0.03982044455700777,228.2,118.2,1892,14.6307274187917
51.5,33.4,0.036554443018774266,285.6,85.5,1892,14.8784780444677
41.1,24.5,0.03347565572538116,340.5,49.9,1892,15.222434323308498
15.7,14.3,0.03779651267561361,395.7,30.3,1892,15.637958571596501
5.6,39.0,0.03519509668790266,7.0,404.4,1937,13.502753092236302
20.9,65.5,0.03743223175250504,25.5,344.1,1937,13.803859817649501
46.3,62.6,0.03369847921593843,74.4,272.7,1937,14.032251164870901
52.3,64.4,0.036220284451205606,118.6,220.7,1937,14.233252060704999
61.1,51.8,0.0348468644142458,176.2,166.9,1937,14.440960814602402
59.2,51.6,0.043005842798359555,222.4,122.8,1937,14.6307274187917
49.1,33.5,0.040769093103528886,285.5,87.9,1937,14.8784780444677
38.2,24.5,0.03747784305617098,340.5,52.8,1937,15.222434323308498
15.0,16.1,0.03405977345262971,394.9,30.0,1937,15.637958571596501
4.6,39.5,0.033031027883459255,6.5,405.4,1982,13.502753092236302
17.9,66.0,0.03636940356267403,25.0,347.1,1982,13.803859817649501
44.2,61.2,0.034783479286627096,75.8,274.8,1982,14.032251164870901
54.4,65.7,0.04029129871866286,117.3,218.6,1982,14.233252060704999
65.4,58.0,0.036796926786995456,170.0,162.6,1982,14.440960814602402
60.3,47.8,0.04309764360485534,226.2,121.7,1982,14.6307274187917
49.1,36.6,0.03479037793125094,282.4,87.9,1982,14.8784780444677
40.4,22.9,0.0381083038255391,342.1,50.6,1982,15.222434323308498
15.5,13.9,0.030999974906278684,396.1,30.5,1982,15.637958571596501
6.6,38.8,0.03770349894884183,7.2,403.4,2027,13.502753092236302
20.8,67.6,0.03319397367082248,23.4,344.2,2027,13.803859817649501
45.2,62.5,0.03190006278800898,74.5,273.8,2027,14.032251164870901
47.2,64.7,0.033646421055558144,118.3,225.8,2027,14.233252060704999
58.0,60.8,0.03634306619486207,167.2,170.0,2027,14.440960814602402
65.3,48.3,0.03594559007831043,225.7,116.7,2027,14.6307274187917
49.2,33.3,0.035192228329113937,285.7,87.8,2027,14.8784780444677
39.1,22.9,0.03857637061424655,342.1,51.9,2027,15.222434323308498
14.1,14.5,0.035546749832125316,396.5,30.9,2027,15.637958571596501
5.3,39.5,0.03802044552265211,6.5,404.7,2072,13.502753092236302
19.9,63.0,0.03561722118980566,28.0,345.1,2072,13.803859817649501
47.7,66.9,0.0351884534306474,70.1,271.3,2072,14.032251164870901
50.4,62.0,0.03695806915473428,121.0,222.6,2072,14.233252060704999
53.7,63.7,0.031216927655713073,164.3,174.3,2072,14.440960814602402
64.4,46.0,0.042709080911378774,228.0,117.6,2072,14.6307274187917
47.4,37.7,0.03400218704995782,281.3,89.6,2072,14.8784780444677
40.8,22.7,0.03717697432773441,342.3,50.2,2072,15.222434323308498
16.4,15.2,0.036473414314010875,394.8,29.6,2072,15.637958571596501
6.7,37.5,0.03456493568030274,8.5,403.3,2117,13.502753092236302
18.3,64.7,0.03417860707801657,26.3,346.7,2117,13.803859817649501
51.6,55.5,0.039877619539480096,81.5,267.4,2117,14.032251164870901
50.4,62.6,0.038336324955004344,120.4,222.6,2117,14.233252060704999
60.9,55.9,0.035179109182932926,172.1,167.1,2117,14.440960814602402
57.1,46.6,0.04053642059429753,227.4,124.9,2117,14.6307274187917
50.2,30.9,0.04070410175219168,288.1,86.8,2117,14.8784780444677
41.8,21.7,0.028590605078869645,343.3,49.2,2117,15.222434323308498
15.7,15.4,0.03616612302172832,395.6,29.3,2117,15.637958571596501
6.6,38.4,0.031720435820490646,7.6,403.4,2162,13.502753092236302
20.2,65.2,0.037911544821282075,25.8,344.8,2162,13.803859817649501
40.0,62.6,0.03221940479797091,74.4,279.0,2162,14.032251164870901
50.0,60.5,0.03217587372739127,122.5,223.0,2162,14.233252060704999
58.2,59.3,0.03617834490757847,168.7,169.8,2162,14.440960814602402
59.2,46.0,0.035231580043730545,228.0,122.8,2162,14.6307274187917
52.3,37.4,0.030898535603662063,281.6,84.7,2162,14.8784780444677
43.2,20.5,0.03342551527128894,344.5,47.8,2162,15.222434323308498
14.8,18.3,0.03780378880534469,391.7,31.2,2162,15.637958571596501
6.5,39.1,0.031672287729953036,6.9,403.5,2207,13.502753092236302
18.3,63.2,0.02900880434182839,27.8,346.7,2207,13.803859817649501
45.3,62.2,0.033646377968840326,74.8,273.7,2207,14.032251164870901
50.5,65.1,0.031696179543577445,117.9,222.5,2207,14.233252060704999
63.9,50.1,0.04143620376008005,177.9,164.1,2207,14.440960814602402
57.7,45.9,0.03233626808651777,228.1,124.3,2207,14.6307274187917
49.3,34.5,0.031043120779058526,284.5,87.7,2207,14.8784780444677
41.4,24.8,0.04009118562086213,340.2,49.6,2207,15.222434323308498
17.1,16.2,0.038167019640731006,394.8,27.9,2207,15.637958571596501
5.5,39.2,0.03643277893887098,6.8,404.5,2252,13.502753092236302
21.1,63.8,0.039485379205474444,27.2,343.9,2252,13.803859817649501
42.6,59.6,0.03635578472933153,77.4,276.4,2252,14.032251164870901
55.9,61.3,0.03592087480108529,121.7,217.1,2252,14.233252060704999
54.8,55.2,0.04050421474449821,172.8,173.2,2252,14.440960814602402
58.7,51.6,0.033383501283768005,222.4,123.3,2252,14.6307274187917
51.5,33.2,0.03981794110727911,285.8,85.5,2252,14.8784780444677
39.1,20.4,0.043016380076584766,344.6,51.9,2252,15.222434323308498
17.0,15.6,0.03676315766079319,394.4,29.0,2252,15.637958571596501
5.8,37.9,0.041464109275000334,8.1,404.2,2297,13.502753092236302
22.1,60.6,0.037134147281033605,30.4,342.9,2297,13.803859817649501
44.9,63.0,0.03924852773677983,74.0,274.1,2297,14.032251164870901
52.4,64.9,0.03602557838431818,118.1,220.6,2297,14.233252060704999
56.9,60.4,0.03441464446682415,167.6,171.1,2297,14.440960814602402
64.4,44.2,0.03345896728583875,229.8,117.6,2297,14.6307274187917
51.6,31.1,0.03139475503734444,287.9,85.4,2297,14.8784780444677
42.2,19.3,0.03961969136109305,345.7,48.8,2297,15.222434323308498
16.9,15.4,0.03783311937371917,395.6,28.1,2297,15.637958571596501
6.5,38.3,0.03155456118245306,7.7,403.5,2342,13.502753092236302
20.0,63.8,0.03486797993110977,27.2,345.0,2342,13.803859817649501
43.6,61.5,0.03502914564693552,75.5,275.4,2342,14.032251164870901
50.3,59.2,0.03401511622029117,123.8,222.7,2342,14.233252060704999
51.7,59.1,0.03528607610080795,168.9,176.3,2342,14.440960814602402
61.8,43.9,0.03048876565698868,230.1,120.2,2342,14.6307274187917
52.4,31.7,0.0360549509632596,287.3,84.6,2342,14.8784780444677
40.5,21.8,0.03413135551244408,343.2,50.5,2342,15.222434323308498
17.3,16.3,0.03483421516421391,393.7,28.7,2342,15.637958571596501
4.4,37.7,0.034807684499572326,8.3,405.6,2387,13.502753092236302
23.6,65.7,0.03419866681499026,25.3,341.4,2387,13.803859817649501
43.0,62.0,0.03417480397416024,75.0,276.0,2387,14.032251164870901
50.8,57.6,0.03622308894994036,125.4,222.2,2387,14.233252060704999
53.3,61.0,0.03315426089140182,167.0,174.7,2387,14.440960814602402
59.2,47.7,0.04047493336659823,226.3,122.8,2387,14.6307274187917
52.9,32.2,0.0417864354103358,286.8,84.1,2387,14.8784780444677
39.8,22.4,0.03114063711283193,342.6,51.2,2387,15.222434323308498
17.7,13.3,0.03422309851744853,397.7,27.3,2387,15.637958571596501
5.4,38.2,0.03575758227244022,7.8,404.6,2432,13.502753092236302
22.5,62.2,0.031952242262141536,28.8,342.5,2432,13.803859817649501
41.7,60.4,0.031657232932827774,76.6,277.3,2432,14.032251164870901
56.0,56.8,0.030419220296444643,126.2,217.0,2432,14.233252060704999
55.4,56.5,0.03121966719592368,171.5,172.6,2432,14.440960814602402
60.9,46.3,0.04032038733989731,227.7,121.1,2432,14.6307274187917
49.8,33.5,0.03998028443218382,285.5,87.2,2432,14.8784780444677
43.0,22.2,0.03546032916728338,342.8,48.0,2432,15.222434323308498
16.6,14.6,0.03582881676897428,395.4,29.4,2432,15.637958571596501
5.7,38.4,0.028403203038844048,7.6,404.3,2477,13.502753092236302
26.0,59.3,0.036688830211174375,31.7,339.0,2477,13.803859817649501
42.2,59.7,0.03491009462947869,77.3,276.8,2477,14.032251164870901
49.5,59.5,0.0321442931505274,123.5,223.5,2477,14.233252060704999
53.6,63.1,0.03695076982899907,164.9,174.4,2477,14.440960814602402
57.3,46.7,0.028926915008734566,227.3,124.7,2477,14.6307274187917
50.5,34.5,0.028237410183143657,284.5,86.5,2477,14.8784780444677
40.3,22.3,0.036134960596626,342.7,50.7,2477,15.222434323308498
15.7,16.2,0.041762361364651376,394.8,29.3,2477,15.637958571596501
5.6,39.5,0.0314494268728047,6.5,404.4,2522,13.502753092236302
24.3,63.8,0.03694503279363263,27.2,340.7,2522,13.803859817649501
41.9,64.1,0.03181251881814175,72.9,277.1,2522,14.032251164870901
49.0,61.0,0.03290743615925085,122.0,224.0,2522,14.233252060704999
52.4,65.6,0.042477040698149456,162.4,175.6,2522,14.440960814602402
57.5,48.7,0.03637684676821005,225.3,124.5,2522,14.6307274187917
54.0,33.1,0.0384840923305352,285.9,83.0,2522,14.8784780444677
41.3,24.3,0.030754023177639145,340.7,49.7,2522,15.222434323308498
17.2,14.7,0.04037517418964186,395.3,28.8,2522,15.637958571596501
6.2,38.5,0.031992417871904044,7.5,403.8,2567,13.502753092236302
19.5,64.4,0.0360795888393531,26.6,345.5,2567,13.803859817649501
45.5,59.9,0.035226040833290014,77.1,273.5,2567,14.032251164870901
51.2,61.0,0.03697519666602405,122.0,221.8,2567,14.233252060704999
53.0,56.6,0.03796202244420886,171.4,175.0,2567,14.440960814602402
60.7,44.5,0.03228874625645633,229.5,121.3,2567,14.6307274187917
50.6,32.5,0.03858536895227545,286.5,86.4,2567,14.8784780444677
41.3,20.9,0.029488229461620625,344.1,49.7,2567,15.222434323308498
13.4,16.6,0.02719983177092966,394.4,31.6,2567,15.637958571596501
5.1,37.4,0.03403219405078324,8.6,404.9,2612,13.502753092236302
19.9,64.2,0.03337750420207876,26.8,345.1,2612,13.803859817649501
43.7,61.9,0.03728824860361943,75.1,275.3,2612,14.032251164870901
54.0,57.9,0.03004101519987562,125.1,219.0,2612,14.233252060704999
51.5,57.6,0.03538441853184253,170.4,176.5,2612,14.440960814602402
57.7,50.6,0.03516487175171369,223.4,124.3,2612,14.6307274187917
50.3,28.9,0.03982910241321416,290.1,86.7,2612,14.8784780444677
38.7,20.8,0.03480242742746226,344.2,52.3,2612,15.222434323308498
15.8,15.0,0.038486098034268446,395.0,30.2,2612,15.637958571596501
8.0,38.6,0.03796799255426484,7.4,402.0,2657,13.502753092236302
21.9,64.2,0.03551712717489791,26.8,343.1,2657,13.803859817649501
39.5,64.9,0.03287544268964251,72.1,279.5,2657,14.032251164870901
52.8,59.9,0.04002427231964924,123.1,220.2,2657,14.233252060704999
52.6,58.7,0.035043463842728745,169.3,175.4,2657,14.440960814602402
55.6,51.2,0.0363690740774173,222.8,126.4,2657,14.6307274187917
47.2,38.4,0.04276856662394698,280.6,89.8,2657,14.8784780444677
39.5,21.5,0.030203919589284495,343.5,51.5,2657,15.222434323308498
15.5,15.4,0.03508354661343546,395.6,29.5,2657,15.637958571596501
4.8,39.0,0.03432516666726658,7.0,405.2,2702,13.502753092236302
23.8,62.0,0.03671115833465532,29.0,341.2,2702,13.803859817649501
42.5,61.2,0.0346657501119311,75.8,276.5,2702,14.032251164870901
59.3,60.3,0.035171966280374604,122.7,213.7,2702,14.233252060704999
51.7,62.8,0.038837655774949714,165.2,176.3,2702,14.440960814602402
61.1,47.7,0.03158193031695582,226.3,120.9,2702,14.6307274187917
52.0,30.4,0.02827648052255332,288.6,85.0,2702,14.8784780444677
42.4,21.2,0.031030536187344686,343.8,48.6,2702,15.222434323308498
16.1,15.4,0.04051788709977387,394.6,29.9,2702,15.637958571596501
4.1,38.3,0.039705004859754346,7.7,405.9,2747,13.502753092236302
19.0,65.9,0.03398929930366274,25.1,346.0,2747,13.803859817649501
44.1,61.5,0.041263847665701923,75.5,274.9,2747,14.032251164870901
50.9,62.9,0.03045177424687042,120.1,222.1,2747,14.233252060704999
54.2,55.3,0.036385051837819496,172.7,173.8,2747,14.440960814602402
58.3,44.6,0.038296837752192676,229.4,123.7,2747,14.6307274187917
50.3,32.6,0.03251052071654133,286.4,86.7,2747,14.8784780444677
41.6,19.4,0.034776385155071726,345.6,49.4,2747,15.222434323308498
16.0,13.6,0.030979992128811352,397.4,29.0,2747,15.637958571596501
7.0,38.5,0.03237048992798054,7.5,403.0,2792,13.502753092236302
18.2,66.1,0.03608738146865198,24.9,346.8,2792,13.803859817649501
42.0,63.7,0.035184660928228126,73.3,277.0,2792,14.032251164870901
49.7,62.2,0.03383261449603513,120.8,223.3,2792,14.233252060704999
57.7,54.2,0.034044248192389805,173.8,170.3,2792,14.440960814602402
60.3,49.0,0.031823536599878785,225.0,121.7,2792,14.6307274187917
46.6,33.8,0.03217347149773685,285.2,90.4,2792,14.8784780444677
41.0,21.2,0.034130419988005464,343.8,50.0,2792,15.222434323308498
16.4,12.3,0.03661144881789174,397.7,29.6,2792,15.637958571596501
8.0,36.4,0.03449396969706251,9.6,402.0,2837,13.502753092236302
19.6,64.3,0.028381189942958168,26.7,345.4,2837,13.803859817649501
42.0,60.3,0.03238789505286799,76.7,277.0,2837,14.032251164870901
52.0,62.5,0.030615513009877852,120.5,221.0,2837,14.233252060704999
51.1,59.3,0.03425533565649525,168.7,176.9,2837,14.440960814602402
61.5,42.7,0.03283414303162622,231.3,120.5,2837,14.6307274187917
49.4,30.9,0.03648212847766395,288.1,87.6,2837,14.8784780444677
38.1,19.6,0.03494994027643004,345.4,52.9,2837,15.222434323308498
15.9,13.6,0.03662710049492026,397.4,29.1,2837,15.637958571596501
4.9,39.9,0.03293136310618027,6.1,405.1,2882,13.502753092236302
19.6,62.4,0.03544766151717578,28.6,345.4,2882,13.803859817649501
44.6,60.8,0.032045713911218,76.2,274.4,2882,14.032251164870901
52.8,60.9,0.0329782652347793,122.1,220.2,2882,14.233252060704999
48.9,59.3,0.032488617901155606,168.7,179.1,2882,14.440960814602402
60.5,47.1,0.041074336693811164,226.9,121.5,2882,14.6307274187917
49.4,32.6,0.03335402964639336,286.4,87.6,2882,14.8784780444677
46.2,16.3,0.03153350218018566,348.7,44.8,2882,15.222434323308498
15.2,12.9,0.04037263413589772,397.1,30.8,2882,15.637958571596501
5.2,38.4,0.032775569703131543,7.6,404.8,2927,13.502753092236302
19.3,62.9,0.03118801749677861,28.1,345.7,2927,13.803859817649501
40.0,61.4,0.03278742091154015,75.6,279.0,2927,14.032251164870901
48.6,65.0,0.03157262387334753,118.0,224.4,2927,14.233252060704999
51.4,56.8,0.04095886749479624,171.2,176.6,2927,14.440960814602402
56.6,46.0,0.033628662445125725,228.0,125.4,2927,14.6307274187917
49.5,31.7,0.034502005061002775,287.3,87.5,2927,14.8784780444677
39.3,19.6,0.03649873962051034,345.4,51.7,2927,15.222434323308498
15.5,14.4,0.034185519584853566,396.6,29.5,2927,15.637958571596501
5.2,36.4,0.03783494245364897,9.6,404.8,2972,13.502753092236302
20.0,63.0,0.0296530874613015,28.0,345.0,2972,13.803859817649501
40.5,62.0,0.03593699523583074,75.0,278.5,2972,14.032251164870901
56.8,58.4,0.03562567483432021,124.6,216.2,2972,14.233252060704999
52.9,54.5,0.035515613606867655,173.5,175.1,2972,14.440960814602402
56.0,48.0,0.02834002498580406,226.0,126.0,2972,14.6307274187917
51.3,30.2,0.029463662443838974,288.8,85.7,2972,14.8784780444677
39.4,19.4,0.03850538562208163,345.6,51.6,2972,15.222434323308498
17.2,15.5,0.03809649145726613,394.5,28.8,2972,15.637958571596501
5.1,38.2,0.031337994926338555,7.8,404.9,3017,13.502753092236302
17.5,61.9,0.033869278419804985,29.1,347.5,3017,13.803859817649501
41.1,55.3,0.034602838763173174,81.7,277.9,3017,14.032251164870901
51.3,59.7,0.032481676807633225,123.3,221.7,3017,14.233252060704999
53.4,56.0,0.03360580572787753,172.0,174.6,3017,14.440960814602402
54.3,47.9,0.032416465994656404,226.1,127.7,3017,14.6307274187917
49.9,29.9,0.03260860368031271,289.1,87.1,3017,14.8784780444677
40.8,19.8,0.035669932300653115,345.2,50.2,3017,15.222434323308498
12.4,15.7,0.025580923710364033,395.3,32.6,3017,15.637958571596501
4.8,38.0,0.029155447254636403,8.0,405.2,3062,13.502753092236302
20.1,61.6,0.02872328717194016,29.4,344.9,3062,13.803859817649501
42.6,55.4,0.029803956869710508,81.6,276.4,3062,14.032251164870901
50.8,60.1,0.03418058701863847,122.9,222.2,3062,14.233252060704999
48.2,60.6,0.031022885857734377,167.4,179.8,3062,14.440960814602402
60.5,46.7,0.03930063138566888,227.3,121.5,3062,14.6307274187917
45.4,31.0,0.028402704837442217,288.0,91.6,3062,14.8784780444677
43.3,20.3,0.03771354994154984,344.7,47.7,3062,15.222434323308498
15.7,14.2,0.030898348387706033,395.8,30.3,3062,15.637958571596501
5.9,37.4,0.032339276650375566,8.6,404.1,3107,13.502753092236302
21.7,61.9,0.03235127584844071,29.1,343.3,3107,13.803859817649501
42.7,56.8,0.031578268604699186,80.2,276.3,3107,14.032251164870901
50.5,57.6,0.03130368754870895,125.4,222.5,3107,14.233252060704999
49.6,57.9,0.029567613640623814,170.1,178.4,3107,14.440960814602402
54.4,49.2,0.03295361853493047,224.8,127.6,3107,14.6307274187917
48.8,31.7,0.03304200709621928,287.3,88.2,3107,14.8784780444677
42.0,20.8,0.034661011969363054,344.2,49.0,3107,15.222434323308498
17.3,12.0,0.03793226465783514,398.0,28.7,3107,15.637958571596501
5.6,38.9,0.03617281186482009,7.1,404.4,3152,13.502753092236302
20.7,61.3,0.033507927251097434,29.7,344.3,3152,13.803859817649501
43.6,61.1,0.03267282393528521,75.9,275.4,3152,14.032251164870901
52.8,63.4,0.029961150504840172,119.6,220.2,3152,14.233252060704999
45.5,57.4,0.03185215262804555,170.6,182.5,3152,14.440960814602402
61.8,45.6,0.03347091695493594,228.4,120.2,3152,14.6307274187917
50.6,31.8,0.03804882639266313,287.2,86.4,3152,14.8784780444677
43.1,15.4,0.03164793127622057,349.6,47.9,3152,15.222434323308498
15.0,15.4,0.03686600938351699,394.6,31.0,3152,15.637958571596501
6.7,38.8,0.03254998844823297,7.2,403.3,3197,13.502753092236302
18.8,62.5,0.03335921643206889,28.5,346.2,3197,13.803859817649501
37.4,60.2,0.04013510676306391,76.8,281.6,3197,14.032251164870901
48.1,60.3,0.03280730906171639,122.7,224.9,3197,14.233252060704999
47.1,58.3,0.027733014001978157,169.7,180.9,3197,14.440960814602402
56.2,45.4,0.02977536454686127,228.6,125.8,3197,14.6307274187917
52.8,29.5,0.035154601024966155,289.5,84.2,3197,14.8784780444677
40.4,22.8,0.037973917598995384,342.2,50.6,3197,15.222434323308498
14.3,14.5,0.02911601464083844,395.5,31.7,3197,15.637958571596501
5.2,39.4,0.035389337823616016,6.6,404.8,3242,13.502753092236302
22.2,60.0,0.03339572324560553,31.0,342.8,3242,13.803859817649501
43.5,56.5,0.04041349463779783,80.5,275.5,3242,14.032251164870901
46.9,63.1,0.033929482325381025,119.9,226.1,3242,14.233252060704999
53.3,53.8,0.03536234657630548,174.2,174.7,3242,14.440960814602402
52.3,51.4,0.03606777133909499,222.6,129.7,3242,14.6307274187917
52.2,33.3,0.038795393481277564,285.7,84.8,3242,14.8784780444677
37.9,19.3,0.040163046558226376,345.7,53.1,3242,15.222434323308498
15.0,15.3,0.0355130638245029,394.7,31.0,3242,15.637958571596501
6.1,38.8,0.035428523948502606,7.2,403.9,3287,13.502753092236302
19.8,60.7,0.03698378864714327,30.3,345.2,3287,13.803859817649501
44.3,56.3,0.03668618716519476,80.7,274.7,3287,14.032251164870901
48.4,59.8,0.04008685401059945,123.2,224.6,3287,14.233252060704999
54.9,55.6,0.031373086765383966,172.4,173.1,3287,14.440960814602402
55.8,47.4,0.0317057899937573,226.6,126.2,3287,14.6307274187917
50.6,30.0,0.028056352757912028,289.0,86.4,3287,14.8784780444677
42.6,20.3,0.03245881525481338,344.7,48.4,3287,15.222434323308498
14.0,12.1,0.03273379917140005,397.9,32.0,3287,15.637958571596501
5.1,39.9,0.032886376985027825,6.1,404.9,3332,13.502753092236302
19.4,61.8,0.027911311174180265,29.2,345.6,3332,13.803859817649501
44.9,60.0,0.04059878658885345,77.0,274.1,3332,14.032251164870901
49.1,56.5,0.03196254288493498,126.5,223.9,3332,14.233252060704999
53.9,57.7,0.03137429854314226,170.3,174.1,3332,14.440960814602402
62.5,47.8,0.029583093560552054,226.2,119.5,3332,14.6307274187917
45.2,29.7,0.037469482735447306,289.3,91.8,3332,14.8784780444677
40.2,21.6,0.03418207902574212,343.4,50.8,3332,15.222434323308498
14.1,15.5,0.03186458209254267,394.5,31.9,3332,15.637958571596501
6.6,37.8,0.03866339332511724,8.2,403.4,3377,13.502753092236302
20.9,63.2,0.03382053709029366,27.8,344.1,3377,13.803859817649501
40.6,58.2,0.03227394185712776,78.8,278.4,3377,14.032251164870901
52.5,57.1,0.03577245937278446,125.9,220.5,3377,14.233252060704999
50.6,56.9,0.03548168976550399,171.1,177.4,3377,14.440960814602402
60.6,43.0,0.030519594938979926,231.0,121.4,3377,14.6307274187917
50.3,33.4,0.03867758228004083,285.6,86.7,3377,14.8784780444677
42.3,20.9,0.03522127577319976,344.1,48.7,3377,15.222434323308498
16.5,13.1,0.033493305585589286,396.9,29.5,3377,15.637958571596501
5.1,37.7,0.0324320773361302,8.3,404.9,3422,13.502753092236302
18.8,64.4,0.034084613742086024,26.6,346.2,3422,13.803859817649501
44.0,61.4,0.03487542406314968,75.6,275.0,3422,14.032251164870901
53.0,58.9,0.03499917017917634,124.1,220.0,3422,14.233252060704999
48.7,59.7,0.03275085475202026,168.3,179.3,3422,14.440960814602402
56.0,47.0,0.02956834008199355,227.0,126.0,3422,14.6307274187917
47.7,34.4,0.03077451150377017,284.6,89.3,3422,14.8784780444677
45.9,16.5,0.029638931231549547,348.5,45.1,3422,15.222434323308498
16.3,14.9,0.03163365991338096,395.1,29.7,3422,15.637958571596501
4.6,38.2,0.031043421274803418,7.8,405.4,3467,13.502753092236302
18.8,62.3,0.03571311423750532,28.7,346.2,3467,13.803859817649501
42.4,57.2,0.03185511235926848,79.8,276.6,3467,14.032251164870901
47.5,58.6,0.031207859196585492,124.4,225.5,3467,14.233252060704999
46.4,59.3,0.03235830114024708,168.7,181.6,3467,14.440960814602402
60.1,42.8,0.03298887428385084,231.2,121.9,3467,14.6307274187917
55.7,29.2,0.035893468258298505,289.8,81.3,3467,14.8784780444677
42.9,18.8,0.03651352968813445,346.2,48.1,3467,15.222434323308498
16.6,13.6,0.03737853450169499,396.4,29.4,3467,15.637958571596501
6.6,38.5,0.03051914621151707,7.5,403.4,3512,13.502753092236302
19.5,61.5,0.03382480888354183,29.5,345.5,3512,13.803859817649501
41.0,60.5,0.03142273834106408,76.5,278.0,3512,14.032251164870901
52.5,61.0,0.03587424915564223,122.0,220.5,3512,14.233252060704999
52.4,57.8,0.03352956267535961,170.2,175.6,3512,14.440960814602402
58.7,49.4,0.025924403958434365,224.6,123.3,3512,14.6307274187917
50.0,28.7,0.03290923740528819,290.3,87.0,3512,14.8784780444677
43.8,16.6,0.03214357212221165,348.4,47.2,3512,15.222434323308498
14.5,15.7,0.029034922781271365,394.3,31.5,3512,15.637958571596501
4.7,39.0,0.030292838275883534,7.0,405.3,3557,13.502753092236302
19.9,61.1,0.03499795902147612,29.9,345.1,3557,13.803859817649501
43.5,59.7,0.031246326746003646,77.3,275.5,3557,14.032251164870901
52.4,57.6,0.03428510875089634,125.4,220.6,3557,14.233252060704999
46.4,59.6,0.03150377900400734,168.4,181.6,3557,14.440960814602402
55.3,49.7,0.038330515295354334,224.3,126.7,3557,14.6307274187917
49.3,28.7,0.03255366219037848,290.3,87.7,3557,14.8784780444677
40.2,18.6,0.03157718153581911,346.4,50.8,3557,15.222434323308498
15.3,14.7,0.03339453077726068,395.3,30.7,3557,15.637958571596501
6.2,37.1,0.030413147087362778,8.9,403.8,3602,13.502753092236302
17.7,63.3,0.036939994628887224,27.7,347.3,3602,13.803859817649501
38.2,57.5,0.03643585559038563,79.5,280.8,3602,14.032251164870901
54.3,61.6,0.031539054173610026,121.4,218.7,3602,14.233252060704999
50.6,61.1,0.03712310717101118,166.9,177.4,3602,14.440960814602402
57.9,47.3,0.03239067680790576,226.7,124.1,3602,14.6307274187917
51.5,29.9,0.03907848594784607,289.1,85.5,3602,14.8784780444677
44.3,19.0,0.0373876322130792,346.0,46.7,3602,15.222434323308498
16.3,13.9,0.03548251145075158,396.1,29.7,3602,15.637958571596501
5.5,38.0,0.033243975406405946,8.0,404.5,3647,13.502753092236302
19.0,62.6,0.028600805055152723,28.4,346.0,3647,13.803859817649501
40.5,58.9,0.03138312332296504,78.1,278.5,3647,14.032251164870901
49.5,60.6,0.03971104372667137,122.4,223.5,3647,14.233252060704999
48.5,61.0,0.03305153189353932,167.0,179.5,3647,14.440960814602402
57.0,45.0,0.031044772091911494,229.0,125.0,3647,14.6307274187917
49.1,26.6,0.03833816508592134,292.4,87.9,3647,14.8784780444677
43.9,17.5,0.033854331733350194,347.5,47.1,3647,15.222434323308498
16.0,13.9,0.03527539630524,396.1,30.0,3647,15.637958571596501
5.4,39.8,0.03405869821401952,6.2,404.6,3692,13.502753092236302
18.3,59.4,0.02702522812680504,31.6,346.7,3692,13.803859817649501
42.3,58.5,0.0344068194912144,78.5,276.7,3692,14.032251164870901
46.3,58.9,0.037551706565852286,124.1,226.7,3692,14.233252060704999
53.4,55.4,0.035082309522012654,172.6,174.6,3692,14.440960814602402
57.9,47.4,0.038241726869503015,226.6,124.1,3692,14.6307274187917
48.9,33.3,0.03843420598640402,285.7,88.1,3692,14.8784780444677
47.3,12.8,0.03493002763761164,352.2,43.7,3692,15.222434323308498
14.6,14.8,0.027882951563299223,395.2,31.4,3692,15.637958571596501
4.9,37.4,0.03227214420938629,8.6,405.1,3737,13.502753092236302
20.0,59.3,0.030549452480273114,31.7,345.0,3737,13.803859817649501
38.8,59.8,0.037306443028655545,77.2,280.2,3737,14.032251164870901
52.8,56.4,0.023974461278569333,126.6,220.2,3737,14.233252060704999
44.3,62.6,0.034032910072262584,165.4,183.7,3737,14.440960814602402
63.9,41.6,0.035134227784827166,232.4,118.1,3737,14.6307274187917
48.5,29.9,0.03503721801577066,289.1,88.5,3737,14.8784780444677
43.5,17.6,0.030798515049977805,347.4,47.5,3737,15.222434323308498
14.9,15.7,0.030756858842322866,394.3,31.1,3737,15.637958571596501
5.2,37.9,0.03424340368675984,8.1,404.8,3782,13.502753092236302
18.7,60.7,0.036219455300820734,30.3,346.3,3782,13.803859817649501
39.2,59.0,0.03410042317587916,78.0,279.8,3782,14.032251164870901
50.2,59.1,0.03267913081793291,123.9,222.8,3782,14.233252060704999
52.0,56.1,0.032654297426408484,171.9,176.0,3782,14.440960814602402
54.3,54.6,0.03056913909202799,219.4,127.7,3782,14.6307274187917
50.3,30.7,0.033345634817982486,288.3,86.7,3782,14.8784780444677
44.1,16.4,0.03564969515411533,348.6,46.9,3782,15.222434323308498
15.9,14.3,0.039517052653654426,395.7,30.1,3782,15.637958571596501
4.7,39.0,0.03674589168034258,7.0,405.3,3827,13.502753092236302
21.5,61.7,0.040393033288787974,29.3,343.5,3827,13.803859817649501
39.3,55.5,0.035073783443636035,81.5,279.7,3827,14.032251164870901
51.1,58.3,0.0326918417938376,124.7,221.9,3827,14.233252060704999
53.2,57.8,0.03660987833641118,170.2,174.8,3827,14.440960814602402
51.9,52.5,0.029473196057777474,221.5,130.1,3827,14.6307274187917
49.2,32.8,0.03714610388619603,286.2,87.8,3827,14.8784780444677
46.2,18.1,0.033034640480494336,346.9,44.8,3827,15.222434323308498
16.4,12.6,0.033676485809798665,397.4,29.6,3827,15.637958571596501
5.8,38.8,0.029684170285998228,7.2,404.2,3872,13.502753092236302
16.3,60.6,0.03214322692079033,30.4,348.7,3872,13.803859817649501
41.4,56.4,0.029694770492076618,80.6,277.6,3872,14.032251164870901
48.6,55.5,0.030201262653038557,127.5,224.4,3872,14.233252060704999
49.9,58.6,0.03579076109685788,169.4,178.1,3872,14.440960814602402
51.6,51.1,0.03415306467052726,222.9,130.4,3872,14.6307274187917
47.9,29.5,0.03355024522486769,289.5,89.1,3872,14.8784780444677
43.5,17.3,0.03950317349215396,347.7,47.5,3872,15.222434323308498
14.8,12.0,0.031025508656059058,398.0,31.2,3872,15.637958571596501
7.0,37.8,0.03350730401813656,8.2,403.0,3917,13.502753092236302
18.5,63.6,0.02825399420028458,27.4,346.5,3917,13.803859817649501
38.4,61.1,0.03816021813758201,75.9,280.6,3917,14.032251164870901
54.2,59.5,0.031057285909163852,123.5,218.8,3917,14.233252060704999
52.0,59.3,0.03287743601550515,168.7,176.0,3917,14.440960814602402
54.9,48.4,0.031035218095361285,225.6,127.1,3917,14.6307274187917
50.0,27.6,0.027367109125175426,291.4,87.0,3917,14.8784780444677
45.6,16.5,0.03456544104470616,348.5,45.4,3917,15.222434323308498
14.5,16.6,0.02862361707410942,393.4,31.5,3917,15.637958571596501
5.6,36.7,0.035488029251294455,9.3,404.4,3962,13.502753092236302
23.1,59.3,0.02836109276129899,31.7,341.9,3962,13.803859817649501
43.2,60.1,0.030681706155578407,76.9,275.8,3962,14.032251164870901
51.0,57.0,0.030477265039379937,126.0,222.0,3962,14.233252060704999
46.8,58.5,0.02765895159784601,169.5,181.2,3962,14.440960814602402
53.2,54.2,0.03978388853901614,219.8,128.8,3962,14.6307274187917
49.7,29.8,0.032934532262526225,289.2,87.3,3962,14.8784780444677
41.7,12.3,0.028192431356963206,352.7,49.3,3962,15.222434323308498
14.5,15.2,0.03139577353292753,394.8,31.5,3962,15.637958571596501
6.0,39.1,0.02859720549961342,6.9,404.0,4007,13.502753092236302
15.0,63.1,0.03915181112368131,27.9,350.0,4007,13.803859817649501
42.4,65.8,0.03174768013022365,71.2,276.6,4007,14.032251164870901
54.7,55.3,0.03930531238246654,126.7,219.3,4007,14.233252060704999
46.8,58.3,0.03367987395278916,169.7,181.2,4007,14.440960814602402
57.1,49.9,0.031651535738371164,224.1,124.9,4007,14.6307274187917
46.9,32.1,0.034044166672256064,286.9,90.1,4007,14.8784780444677
44.7,11.5,0.030791208165534895,353.5,46.3,4007,15.222434323308498
15.4,15.8,0.031047771819609233,394.2,30.6,4007,15.637958571596501
5.4,37.2,0.035980508239707186,8.8,404.6,4052,13.502753092236302
17.6,60.7,0.03133550547445339,30.3,347.4,4052,13.803859817649501
38.2,62.9,0.02723746336070686,74.1,280.8,4052,14.032251164870901
50.3,57.6,0.03091392409715537,124.4,223.7,4052,14.233252060704999
43.8,61.2,0.03283490355632503,166.8,184.2,4052,14.440960814602402
59.3,49.9,0.032240274729060714,224.1,122.7,4052,14.6307274187917
52.1,34.5,0.030841273987971873,284.5,84.9,4052,14.8784780444677
45.2,15.9,0.03674840799762012,349.1,45.8,4052,15.222434323308498
15.8,15.0,0.034116011515858344,395.0,30.2,4052,15.637958571596501
5.6,37.7,0.03278345848375721,8.3,404.4,4097,13.502753092236302
18.5,63.6,0.031669096481410114,27.4,346.5,4097,13.803859817649501
40.7,61.2,0.03158291894200104,75.8,278.3,4097,14.032251164870901
54.0,52.7,0.028329035993229196,129.3,220.0,4097,14.233252060704999
46.4,62.3,0.03304406927917826,165.7,181.6,4097,14.440960814602402
56.1,56.4,0.036102337637521374,217.6,125.9,4097,14.6307274187917
48.1,28.9,0.033182409758258403,290.1,88.9,4097,14.8784780444677
46.2,13.3,0.03970025991223331,351.7,44.8,4097,15.222434323308498
15.9,14.7,0.04024401338628057,395.3,30.1,4097,15.637958571596501
