FN,FP,TN,TP,sr,t
0.0,693.0,0.0,6208.0,5,9.61
0.0,1380.0,0.0,5521.0,5,11.53
0.0,2072.0,0.0,4829.0,5,14.25
0.0,2766.0,0.0,4135.0,5,23.42
3449.0,0.0,3452.0,0.0,5,28.11
2760.0,0.0,4141.0,0.0,5,32.81
2069.0,0.0,4832.0,0.0,5,37.91
1379.0,0.0,5522.0,0.0,5,46.1
690.0,0.0,6211.0,0.0,5,68.89
0.0,693.0,0.0,6208.0,10,9.61
1101.9,1080.9,299.1,4419.1,10,11.53
1697.5,1153.6,918.4,3131.5,10,14.25
1912.3,1272.9,1493.1,2222.7,10,23.42
1449.3,1687.1,1764.9,1999.7,10,28.11
803.0,1852.6,2288.4,1957.0,10,32.81
1116.6,1594.6,3237.4,952.4,10,37.91
1379.0,0.0,5522.0,0.0,10,46.1
690.0,0.0,6211.0,0.0,10,68.89
501.3,586.6,106.4,5706.7,15,9.61
823.8,903.3,476.7,4697.2,15,11.53
1675.7,1218.4,853.6,3153.3,15,14.25
1739.8,1395.0,1371.0,2395.2,15,23.42
2122.5,1163.8,2288.2,1326.5,15,28.11
1685.1,1088.5,3052.5,1074.9,15,32.81
1191.5,1428.2,3403.8,877.5,15,37.91
1120.4,604.4,4917.6,258.6,15,46.1
690.0,0.0,6211.0,0.0,15,68.89
331.1,620.7,72.3,5876.9,20,9.61
1173.1,949.2,430.8,4347.9,20,11.53
1659.9,1194.5,877.5,3169.1,20,14.25
1540.2,1466.6,1299.4,2594.8,20,23.42
1569.4,1104.7,2347.3,1879.6,20,28.11
1211.4,976.0,3165.0,1548.6,20,32.81
1053.3,735.7,4096.3,1015.7,20,37.91
746.4,632.0,4890.0,632.6,20,46.1
690.0,0.0,6211.0,0.0,20,68.89
1003.8,424.7,268.3,5204.2,25,9.61
1285.7,721.1,658.9,4235.3,25,11.53
1409.6,1242.5,829.5,3419.4,25,14.25
1365.8,1459.5,1306.5,2769.2,25,23.42
1709.2,999.6,2452.4,1739.8,25,28.11
1348.5,1055.4,3085.6,1411.5,25,32.81
1133.1,948.2,3883.8,935.9,25,37.91
809.8,759.8,4762.2,569.2,25,46.1
690.0,0.0,6211.0,0.0,25,68.89
954.7,421.6,271.4,5253.3,30,9.61
948.8,914.7,465.3,4572.2,30,11.53
945.6,1501.9,570.1,3883.4,30,14.25
1460.0,1263.5,1502.5,2675.0,30,23.42
1290.6,1289.0,2163.0,2158.4,30,28.11
1082.4,684.4,3456.6,1677.6,30,32.81
954.8,791.4,4040.6,1114.2,30,37.91
762.4,446.6,5075.4,616.6,30,46.1
413.0,196.9,6014.1,277.0,30,68.89
566.0,448.6,244.4,5642.0,35,9.61
907.7,856.0,524.0,4613.3,35,11.53
1557.6,1092.7,979.3,3271.4,35,14.25
1512.4,1436.4,1329.6,2622.6,35,23.42
1365.9,1198.5,2253.5,2083.1,35,28.11
1042.9,897.7,3243.3,1717.1,35,32.81
939.2,640.2,4191.8,1129.8,35,37.91
760.2,587.2,4934.8,618.8,35,46.1
446.1,169.0,6042.0,243.9,35,68.89
623.5,494.5,198.5,5584.5,40,9.61
848.0,871.0,509.0,4673.0,40,11.53
1542.5,1117.5,954.5,3286.5,40,14.25
1493.1,1310.5,1455.5,2641.9,40,23.42
1596.1,805.2,2646.8,1852.9,40,28.11
1138.9,861.3,3279.7,1621.1,40,32.81
939.2,600.1,4231.9,1129.8,40,37.91
732.7,589.7,4932.3,646.3,40,46.1
224.9,435.5,5775.5,465.1,40,68.89
717.3,329.9,363.1,5490.7,45,9.61
825.4,960.3,419.7,4695.6,45,11.53
1602.9,1030.1,1041.9,3226.1,45,14.25
1773.1,1009.8,1756.2,2361.9,45,23.42
1444.9,891.2,2560.8,2004.1,45,28.11
1226.5,633.1,3507.9,1533.5,45,32.81
906.3,550.0,4282.0,1162.7,45,37.91
620.5,478.3,5043.7,758.5,45,46.1
345.4,290.3,5920.7,344.6,45,68.89
669.3,468.6,224.4,5538.7,50,9.61
931.3,819.3,560.7,4589.7,50,11.53
1522.0,982.2,1089.8,3307.0,50,14.25
1619.0,1203.6,1562.4,2516.0,50,23.42
1407.1,1087.0,2365.0,2041.9,50,28.11
1005.0,739.7,3401.3,1755.0,50,32.81
796.5,760.4,4071.6,1272.5,50,37.91
624.8,521.4,5000.6,754.2,50,46.1
267.3,287.8,5923.2,422.7,50,68.89
480.3,465.4,227.6,5727.7,55,9.61
783.5,907.1,472.9,4737.5,55,11.53
1273.3,1196.2,875.8,3555.7,55,14.25
1463.8,1250.3,1515.7,2671.2,55,23.42
1355.2,1072.1,2379.9,2093.8,55,28.11
1072.7,616.7,3524.3,1687.3,55,32.81
798.3,529.9,4302.1,1270.7,55,37.91
688.8,369.3,5152.7,690.2,55,46.1
354.7,218.3,5992.7,335.3,55,68.89
586.0,443.6,249.4,5622.0,60,9.61
926.2,803.0,577.0,4594.8,60,11.53
1389.3,1015.8,1056.2,3439.7,60,14.25
1571.7,1020.6,1745.4,2563.3,60,23.42
1245.1,918.7,2533.3,2203.9,60,28.11
1084.1,664.4,3476.6,1675.9,60,32.81
588.8,596.2,4235.8,1480.2,60,37.91
597.4,408.3,5113.7,781.6,60,46.1
304.3,251.3,5959.7,385.7,60,68.89
529.2,495.5,197.5,5678.8,65,9.61
945.3,785.1,594.9,4575.7,65,11.53
1479.9,1040.9,1031.1,3349.1,65,14.25
1512.6,1111.2,1654.8,2622.4,65,23.42
1395.1,817.1,2634.9,2053.9,65,28.11
1199.4,654.5,3486.5,1560.6,65,32.81
848.0,565.0,4267.0,1221.0,65,37.91
554.4,436.1,5085.9,824.6,65,46.1
363.1,206.5,6004.5,326.9,65,68.89
534.4,416.9,276.1,5673.6,70,9.61
826.6,849.7,530.3,4694.4,70,11.53
1485.7,1027.3,1044.7,3343.3,70,14.25
1445.4,1125.2,1640.8,2689.6,70,23.42
1295.1,930.0,2522.0,2153.9,70,28.11
979.8,718.4,3422.6,1780.2,70,32.81
699.6,606.6,4225.4,1369.4,70,37.91
406.3,547.5,4974.5,972.7,70,46.1
318.4,238.2,5972.8,371.6,70,68.89
521.5,418.2,274.8,5686.5,75,9.61
944.9,824.0,556.0,4576.1,75,11.53
1595.6,928.5,1143.5,3233.4,75,14.25
1447.3,1249.6,1516.4,2687.7,75,23.42
1166.3,1057.9,2394.1,2282.7,75,28.11
1126.8,691.3,3449.7,1633.2,75,32.81
727.0,470.5,4361.5,1342.0,75,37.91
556.7,424.9,5097.1,822.3,75,46.1
386.8,211.8,5999.2,303.2,75,68.89
577.1,438.8,254.2,5630.9,80,9.61
1015.4,768.8,611.2,4505.6,80,11.53
1357.0,1116.3,955.7,3472.0,80,14.25
1559.9,940.8,1825.2,2575.1,80,23.42
1168.8,1019.8,2432.2,2280.2,80,28.11
879.9,827.9,3313.1,1880.1,80,32.81
679.7,581.3,4250.7,1389.3,80,37.91
611.1,479.8,5042.2,767.9,80,46.1
360.2,233.2,5977.8,329.8,80,68.89
522.1,430.8,262.2,5685.9,85,9.61
904.1,798.0,582.0,4616.9,85,11.53
1451.6,1033.4,1038.6,3377.4,85,14.25
1425.4,1113.0,1653.0,2709.6,85,23.42
1230.1,942.6,2509.4,2218.9,85,28.11
963.7,677.7,3463.3,1796.3,85,32.81
695.6,625.0,4207.0,1373.4,85,37.91
543.0,466.7,5055.3,836.0,85,46.1
313.1,223.8,5987.2,376.9,85,68.89
428.6,469.7,223.3,5779.4,90,9.61
929.5,748.1,631.9,4591.5,90,11.53
1245.7,1110.8,961.2,3583.3,90,14.25
1449.9,1079.4,1686.6,2685.1,90,23.42
1270.4,881.6,2570.4,2178.6,90,28.11
948.0,785.9,3355.1,1812.0,90,32.81
752.9,533.6,4298.4,1316.1,90,37.91
616.9,492.8,5029.2,762.1,90,46.1
367.6,210.7,6000.3,322.4,90,68.89
536.8,444.9,248.1,5671.2,95,9.61
852.8,843.1,536.9,4668.2,95,11.53
1431.8,893.2,1178.8,3397.2,95,14.25
1440.7,1098.7,1667.3,2694.3,95,23.42
1178.7,955.5,2496.5,2270.3,95,28.11
949.4,718.2,3422.8,1810.6,95,32.81
633.9,538.7,4293.3,1435.1,95,37.91
543.3,475.3,5046.7,835.7,95,46.1
370.3,194.8,6016.2,319.7,95,68.89
545.8,435.6,257.4,5662.2,100,9.61
819.8,818.3,561.7,4701.2,100,11.53
1283.6,1044.1,1027.9,3545.4,100,14.25
1473.5,1040.7,1725.3,2661.5,100,23.42
1122.6,1029.5,2422.5,2326.4,100,28.11
995.6,767.4,3373.6,1764.4,100,32.81
715.7,531.8,4300.2,1353.3,100,37.91
618.0,542.1,4979.9,761.0,100,46.1
253.2,285.9,5925.1,436.8,100,68.89
398.4,467.9,225.1,5809.6,105,9.61
891.4,769.5,610.5,4629.6,105,11.53
1358.8,1046.2,1025.8,3470.2,105,14.25
1413.7,1116.8,1649.2,2721.3,105,23.42
1118.5,1000.6,2451.4,2330.5,105,28.11
998.2,568.4,3572.6,1761.8,105,32.81
679.0,483.9,4348.1,1390.0,105,37.91
458.5,544.2,4977.8,920.5,105,46.1
339.9,209.5,6001.5,350.1,105,68.89
447.1,452.9,240.1,5760.9,110,9.61
850.2,829.7,550.3,4670.8,110,11.53
1243.8,1039.8,1032.2,3585.2,110,14.25
1444.3,1115.9,1650.1,2690.7,110,23.42
1322.0,904.2,2547.8,2127.0,110,28.11
955.9,741.7,3399.3,1804.1,110,32.81
747.0,485.9,4346.1,1322.0,110,37.91
690.0,371.0,5151.0,689.0,110,46.1
395.4,167.5,6043.5,294.6,110,68.89
517.1,420.7,272.3,5690.9,115,9.61
964.1,761.5,618.5,4556.9,115,11.53
1257.8,1028.9,1043.1,3571.2,115,14.25
1245.5,1299.0,1467.0,2889.5,115,23.42
1089.5,1115.0,2337.0,2359.5,115,28.11
902.5,836.5,3304.5,1857.5,115,32.81
576.5,621.7,4210.3,1492.5,115,37.91
493.0,497.1,5024.9,886.0,115,46.1
398.0,180.9,6030.1,292.0,115,68.89
409.1,448.2,244.8,5798.9,120,9.61
838.2,728.6,651.4,4682.8,120,11.53
1279.3,1047.6,1024.4,3549.7,120,14.25
1404.9,1123.2,1642.8,2730.1,120,23.42
1044.9,1041.2,2410.8,2404.1,120,28.11
988.6,700.1,3440.9,1771.4,120,32.81
632.4,547.9,4284.1,1436.6,120,37.91
527.9,494.6,5027.4,851.1,120,46.1
278.9,272.5,5938.5,411.1,120,68.89
455.3,451.9,241.1,5752.7,125,9.61
878.1,764.4,615.6,4642.9,125,11.53
1321.3,913.3,1158.7,3507.7,125,14.25
1386.1,1179.0,1587.0,2748.9,125,23.42
1237.1,968.9,2483.1,2211.9,125,28.11
887.9,677.3,3463.7,1872.1,125,32.81
722.6,531.2,4300.8,1346.4,125,37.91
488.3,468.1,5053.9,890.7,125,46.1
343.9,221.2,5989.8,346.1,125,68.89
516.5,427.3,265.7,5691.5,130,9.61
869.8,760.8,619.2,4651.2,130,11.53
1235.5,1077.5,994.5,3593.5,130,14.25
1405.3,1078.8,1687.2,2729.7,130,23.42
1040.4,1023.5,2428.5,2408.6,130,28.11
913.7,728.7,3412.3,1846.3,130,32.81
670.4,506.7,4325.3,1398.6,130,37.91
517.8,452.7,5069.3,861.2,130,46.1
351.5,221.9,5989.1,338.5,130,68.89
407.0,446.3,246.7,5801.0,135,9.61
930.7,756.2,623.8,4590.3,135,11.53
1276.5,941.0,1131.0,3552.5,135,14.25
1351.8,1179.6,1586.4,2783.2,135,23.42
1133.5,959.6,2492.4,2315.5,135,28.11
911.8,631.0,3510.0,1848.2,135,32.81
686.5,533.3,4298.7,1382.5,135,37.91
534.2,440.5,5081.5,844.8,135,46.1
301.2,240.8,5970.2,388.8,135,68.89
523.8,471.9,221.1,5684.2,140,9.61
927.4,703.5,676.5,4593.6,140,11.53
1265.8,1020.9,1051.1,3563.2,140,14.25
1355.6,1144.6,1621.4,2779.4,140,23.42
1031.7,1029.7,2422.3,2417.3,140,28.11
1012.3,681.5,3459.5,1747.7,140,32.81
605.4,569.5,4262.5,1463.6,140,37.91
571.7,406.0,5116.0,807.3,140,46.1
325.2,213.3,5997.7,364.8,140,68.89
488.6,426.9,266.1,5719.4,145,9.61
896.0,749.3,630.7,4625.0,145,11.53
1292.7,1046.6,1025.4,3536.3,145,14.25
1363.8,1181.0,1585.0,2771.2,145,23.42
1135.0,954.1,2497.9,2314.0,145,28.11
950.6,674.0,3467.0,1809.4,145,32.81
667.3,542.3,4289.7,1401.7,145,37.91
539.0,513.0,5009.0,840.0,145,46.1
367.2,185.4,6025.6,322.8,145,68.89
459.1,457.1,235.9,5748.9,150,9.61
935.0,731.2,648.8,4586.0,150,11.53
1333.2,947.0,1125.0,3495.8,150,14.25
1386.3,1144.9,1621.1,2748.7,150,23.42
1147.4,905.8,2546.2,2301.6,150,28.11
960.8,703.1,3437.9,1799.2,150,32.81
660.7,513.9,4318.1,1408.3,150,37.91
496.2,516.5,5005.5,882.8,150,46.1
327.6,223.4,5987.6,362.4,150,68.89
465.6,440.7,252.3,5742.4,155,9.61
851.3,748.6,631.4,4669.7,155,11.53
1217.7,1000.7,1071.3,3611.3,155,14.25
1342.9,1152.6,1613.4,2792.1,155,23.42
1186.4,863.0,2589.0,2262.6,155,28.11
953.1,605.0,3536.0,1806.9,155,32.81
652.7,504.4,4327.6,1416.3,155,37.91
532.2,481.9,5040.1,846.8,155,46.1
340.4,204.4,6006.6,349.6,155,68.89
486.2,444.1,248.9,5721.8,160,9.61
832.0,712.7,667.3,4689.0,160,11.53
1191.2,1029.7,1042.3,3637.8,160,14.25
1326.1,1194.3,1571.7,2808.9,160,23.42
1154.9,917.6,2534.4,2294.1,160,28.11
901.3,701.2,3439.8,1858.7,160,32.81
613.0,546.4,4285.6,1456.0,160,37.91
529.4,509.7,5012.3,849.6,160,46.1
321.1,239.4,5971.6,368.9,160,68.89
610.3,362.8,330.2,5597.7,165,9.61
868.0,778.9,601.1,4653.0,165,11.53
1329.6,922.6,1149.4,3499.4,165,14.25
1465.2,1056.5,1709.5,2669.8,165,23.42
1142.2,902.0,2550.0,2306.8,165,28.11
869.2,709.9,3431.1,1890.8,165,32.81
592.7,555.2,4276.8,1476.3,165,37.91
412.9,515.2,5006.8,966.1,165,46.1
360.4,177.8,6033.2,329.6,165,68.89
523.3,367.7,325.3,5684.7,170,9.61
965.8,688.5,691.5,4555.2,170,11.53
1090.7,1066.3,1005.7,3738.3,170,14.25
1426.4,1079.3,1686.7,2708.6,170,23.42
1170.9,937.0,2515.0,2278.1,170,28.11
855.4,694.2,3446.8,1904.6,170,32.81
685.6,486.7,4345.3,1383.4,170,37.91
483.6,466.3,5055.7,895.4,170,46.1
282.8,269.7,5941.3,407.2,170,68.89
554.9,367.0,326.0,5653.1,175,9.61
840.1,773.4,606.6,4680.9,175,11.53
1290.5,957.4,1114.6,3538.5,175,14.25
1404.8,1061.7,1704.3,2730.2,175,23.42
1066.5,1003.9,2448.1,2382.5,175,28.11
875.2,662.8,3478.2,1884.8,175,32.81
603.8,485.3,4346.7,1465.2,175,37.91
530.3,453.4,5068.6,848.7,175,46.1
344.6,195.1,6015.9,345.4,175,68.89
403.9,451.9,241.1,5804.1,180,9.61
817.5,789.6,590.4,4703.5,180,11.53
1211.7,993.1,1078.9,3617.3,180,14.25
1341.7,1208.2,1557.8,2793.3,180,23.42
1247.0,869.2,2582.8,2202.0,180,28.11
920.8,726.1,3414.9,1839.2,180,32.81
549.7,571.4,4260.6,1519.3,180,37.91
534.5,361.5,5160.5,844.5,180,46.1
316.8,247.7,5963.3,373.2,180,68.89
491.4,398.7,294.3,5716.6,185,9.61
954.6,669.5,710.5,4566.4,185,11.53
1256.9,1015.1,1056.9,3572.1,185,14.25
1429.2,1087.2,1678.8,2705.8,185,23.42
1152.2,869.4,2582.6,2296.8,185,28.11
920.1,645.5,3495.5,1839.9,185,32.81
709.7,454.8,4377.2,1359.3,185,37.91
483.2,553.6,4968.4,895.8,185,46.1
325.8,210.8,6000.2,364.2,185,68.89
550.7,402.2,290.8,5657.3,190,9.61
942.7,689.7,690.3,4578.3,190,11.53
1167.2,1062.2,1009.8,3661.8,190,14.25
1281.4,1244.0,1522.0,2853.6,190,23.42
987.1,1022.7,2429.3,2461.9,190,28.11
787.2,744.3,3396.7,1972.8,190,32.81
592.7,514.1,4317.9,1476.3,190,37.91
521.6,488.0,5034.0,857.4,190,46.1
347.0,195.6,6015.4,343.0,190,68.89
479.9,381.1,311.9,5728.1,195,9.61
922.0,705.0,675.0,4599.0,195,11.53
1298.2,909.2,1162.8,3530.8,195,14.25
1447.3,1086.4,1679.6,2687.7,195,23.42
1031.3,999.2,2452.8,2417.7,195,28.11
888.7,649.5,3491.5,1871.3,195,32.81
547.4,537.6,4294.4,1521.6,195,37.91
518.8,462.0,5060.0,860.2,195,46.1
353.8,187.0,6024.0,336.2,195,68.89
464.3,443.8,249.2,5743.7,200,9.61
886.4,684.0,696.0,4634.6,200,11.53
1316.2,941.4,1130.6,3512.8,200,14.25
1387.2,1120.5,1645.5,2747.8,200,23.42
1021.5,975.9,2476.1,2427.5,200,28.11
793.5,776.1,3364.9,1966.5,200,32.81
629.3,475.1,4356.9,1439.7,200,37.91
446.1,484.9,5037.1,932.9,200,46.1
301.0,242.9,5968.1,389.0,200,68.89
476.9,398.4,294.6,5731.1,205,9.61
828.5,735.5,644.5,4692.5,205,11.53
1324.3,876.6,1195.4,3504.7,205,14.25
1405.9,1106.8,1659.2,2729.1,205,23.42
1213.8,811.7,2640.3,2235.2,205,28.11
927.5,684.3,3456.7,1832.5,205,32.81
555.0,520.9,4311.1,1514.0,205,37.91
476.8,464.6,5057.4,902.2,205,46.1
278.6,248.4,5962.6,411.4,205,68.89
462.8,422.0,271.0,5745.2,210,9.61
871.7,722.7,657.3,4649.3,210,11.53
1186.0,1033.0,1039.0,3643.0,210,14.25
1363.6,1168.0,1598.0,2771.4,210,23.42
1117.5,897.5,2554.5,2331.5,210,28.11
893.2,739.7,3401.3,1866.8,210,32.81
486.6,616.7,4215.3,1582.4,210,37.91
466.0,475.1,5046.9,913.0,210,46.1
336.0,204.1,6006.9,354.0,210,68.89
504.2,427.8,265.2,5703.8,215,9.61
917.3,681.5,698.5,4603.7,215,11.53
1078.8,1091.5,980.5,3750.2,215,14.25
1502.8,1010.9,1755.1,2632.2,215,23.42
1125.0,877.8,2574.2,2324.0,215,28.11
907.7,641.9,3499.1,1852.3,215,32.81
602.7,498.7,4333.3,1466.3,215,37.91
512.0,445.1,5076.9,867.0,215,46.1
324.5,214.7,5996.3,365.5,215,68.89
413.8,426.5,266.5,5794.2,220,9.61
791.4,747.6,632.4,4729.6,220,11.53
1253.1,948.7,1123.3,3575.9,220,14.25
1374.8,1096.5,1669.5,2760.2,220,23.42
1106.3,928.4,2523.6,2342.7,220,28.11
892.4,754.1,3386.9,1867.6,220,32.81
578.4,514.6,4317.4,1490.6,220,37.91
479.2,424.6,5097.4,899.8,220,46.1
350.4,191.0,6020.0,339.6,220,68.89
488.3,392.2,300.8,5719.7,225,9.61
824.8,744.4,635.6,4696.2,225,11.53
1335.6,920.1,1151.9,3493.4,225,14.25
1345.4,1109.9,1656.1,2789.6,225,23.42
1124.6,881.1,2570.9,2324.4,225,28.11
831.8,731.0,3410.0,1928.2,225,32.81
603.0,542.7,4289.3,1466.0,225,37.91
478.5,472.1,5049.9,900.5,225,46.1
314.7,227.5,5983.5,375.3,225,68.89
453.7,396.8,296.2,5754.3,230,9.61
863.3,699.6,680.4,4657.7,230,11.53
1140.8,1037.8,1034.2,3688.2,230,14.25
1364.7,1134.6,1631.4,2770.3,230,23.42
1163.9,837.3,2614.7,2285.1,230,28.11
817.3,740.7,3400.3,1942.7,230,32.81
611.2,541.1,4290.9,1457.8,230,37.91
478.8,440.3,5081.7,900.2,230,46.1
284.1,234.0,5977.0,405.9,230,68.89
491.6,408.4,284.6,5716.4,235,9.61
802.5,730.4,649.6,4718.5,235,11.53
1297.8,922.1,1149.9,3531.2,235,14.25
1384.8,1098.2,1667.8,2750.2,235,23.42
1047.4,935.8,2516.2,2401.6,235,28.11
904.3,599.5,3541.5,1855.7,235,32.81
547.8,533.1,4298.9,1521.2,235,37.91
434.3,463.8,5058.2,944.7,235,46.1
297.1,229.3,5981.7,392.9,235,68.89
424.1,435.1,257.9,5783.9,240,9.61
783.2,772.0,608.0,4737.8,240,11.53
1279.6,941.5,1130.5,3549.4,240,14.25
1399.6,1085.7,1680.3,2735.4,240,23.42
1056.5,896.1,2555.9,2392.5,240,28.11
848.0,717.2,3423.8,1912.0,240,32.81
616.6,535.2,4296.8,1452.4,240,37.91
445.1,463.5,5058.5,933.9,240,46.1
313.7,212.6,5998.4,376.3,240,68.89
522.8,411.3,281.7,5685.2,245,9.61
852.9,716.7,663.3,4668.1,245,11.53
1257.9,954.9,1117.1,3571.1,245,14.25
1382.0,1101.1,1664.9,2753.0,245,23.42
1075.6,922.4,2529.6,2373.4,245,28.11
826.4,698.6,3442.4,1933.6,245,32.81
578.4,498.7,4333.3,1490.6,245,37.91
443.8,452.1,5069.9,935.2,245,46.1
310.6,205.5,6005.5,379.4,245,68.89
450.5,413.6,279.4,5757.5,250,9.61
889.7,688.9,691.1,4631.3,250,11.53
1197.0,993.9,1078.1,3632.0,250,14.25
1257.2,1230.1,1535.9,2877.8,250,23.42
1076.2,981.0,2471.0,2372.8,250,28.11
839.7,701.5,3439.5,1920.3,250,32.81
582.1,533.6,4298.4,1486.9,250,37.91
483.3,472.9,5049.1,895.7,250,46.1
343.5,182.5,6028.5,346.5,250,68.89
474.5,411.9,281.1,5733.5,255,9.61
850.6,728.1,651.9,4670.4,255,11.53
1217.3,1002.5,1069.5,3611.7,255,14.25
1299.9,1195.7,1570.3,2835.1,255,23.42
1137.5,895.7,2556.3,2311.5,255,28.11
806.3,704.9,3436.1,1953.7,255,32.81
560.9,489.9,4342.1,1508.1,255,37.91
480.8,433.7,5088.3,898.2,255,46.1
322.6,200.3,6010.7,367.4,255,68.89
490.9,415.5,277.5,5717.1,260,9.61
832.9,738.6,641.4,4688.1,260,11.53
1248.8,921.8,1150.2,3580.2,260,14.25
1242.3,1251.5,1514.5,2892.7,260,23.42
1115.5,883.4,2568.6,2333.5,260,28.11
844.9,704.9,3436.1,1915.1,260,32.81
629.9,475.3,4356.7,1439.1,260,37.91
480.8,411.8,5110.2,898.2,260,46.1
285.3,252.8,5958.2,404.7,260,68.89
423.3,418.9,274.1,5784.7,265,9.61
838.2,728.5,651.5,4682.8,265,11.53
1275.0,969.2,1102.8,3554.0,265,14.25
1440.6,1029.8,1736.2,2694.4,265,23.42
1133.4,882.4,2569.6,2315.6,265,28.11
882.4,614.6,3526.4,1877.6,265,32.81
594.1,530.2,4301.8,1474.9,265,37.91
511.5,406.3,5115.7,867.5,265,46.1
309.4,237.3,5973.7,380.6,265,68.89
455.6,409.5,283.5,5752.4,270,9.61
950.4,624.1,755.9,4570.6,270,11.53
1198.9,993.4,1078.6,3630.1,270,14.25
1401.4,1108.2,1657.8,2733.6,270,23.42
1109.3,900.0,2552.0,2339.7,270,28.11
841.5,661.9,3479.1,1918.5,270,32.81
571.9,537.6,4294.4,1497.1,270,37.91
490.6,421.7,5100.3,888.4,270,46.1
292.2,227.2,5983.8,397.8,270,68.89
488.0,388.8,304.2,5720.0,275,9.61
837.0,722.8,657.2,4684.0,275,11.53
1189.7,965.9,1106.1,3639.3,275,14.25
1393.3,1041.5,1724.5,2741.7,275,23.42
1126.8,893.5,2558.5,2322.2,275,28.11
801.4,696.3,3444.7,1958.6,275,32.81
515.0,569.4,4262.6,1554.0,275,37.91
531.2,396.4,5125.6,847.8,275,46.1
309.0,233.3,5977.7,381.0,275,68.89
473.4,393.2,299.8,5734.6,280,9.61
865.6,701.4,678.6,4655.4,280,11.53
1216.2,974.7,1097.3,3612.8,280,14.25
1375.4,1086.2,1679.8,2759.6,280,23.42
1052.5,923.9,2528.1,2396.5,280,28.11
850.6,664.3,3476.7,1909.4,280,32.81
622.4,413.4,4418.6,1446.6,280,37.91
467.8,407.4,5114.6,911.2,280,46.1
288.3,246.2,5964.8,401.7,280,68.89
502.7,399.6,293.4,5705.3,285,9.61
860.9,697.7,682.3,4660.1,285,11.53
1219.6,944.2,1127.8,3609.4,285,14.25
1337.6,1125.0,1641.0,2797.4,285,23.42
1069.5,891.8,2560.2,2379.5,285,28.11
869.2,622.4,3518.6,1890.8,285,32.81
576.8,507.8,4324.2,1492.2,285,37.91
415.1,462.6,5059.4,963.9,285,46.1
323.3,195.8,6015.2,366.7,285,68.89
472.8,369.3,323.7,5735.2,290,9.61
842.3,699.6,680.4,4678.7,290,11.53
1147.9,1050.9,1021.1,3681.1,290,14.25
1335.2,1120.5,1645.5,2799.8,290,23.42
1021.7,986.1,2465.9,2427.3,290,28.11
811.0,686.2,3454.8,1949.0,290,32.81
531.8,505.8,4326.2,1537.2,290,37.91
407.8,493.9,5028.1,971.2,290,46.1
281.8,232.3,5978.7,408.2,290,68.89
512.3,355.6,337.4,5695.7,295,9.61
841.6,699.0,681.0,4679.4,295,11.53
1200.2,964.9,1107.1,3628.8,295,14.25
1354.7,1108.3,1657.7,2780.3,295,23.42
1116.3,872.8,2579.2,2332.7,295,28.11
831.5,695.5,3445.5,1928.5,295,32.81
540.0,592.8,4239.2,1529.0,295,37.91
470.0,464.3,5057.7,909.0,295,46.1
319.6,190.9,6020.1,370.4,295,68.89
473.6,416.5,276.5,5734.4,300,9.61
951.4,625.8,754.2,4569.6,300,11.53
1174.8,1004.2,1067.8,3654.2,300,14.25
1355.0,1102.8,1663.2,2780.0,300,23.42
1115.0,827.1,2624.9,2334.0,300,28.11
789.5,746.6,3394.4,1970.5,300,32.81
593.2,513.4,4318.6,1475.8,300,37.91
474.2,399.8,5122.2,904.8,300,46.1
321.0,214.2,5996.8,369.0,300,68.89
478.6,372.1,320.9,5729.4,305,9.61
841.8,727.2,652.8,4679.2,305,11.53
1177.4,987.4,1084.6,3651.6,305,14.25
1377.0,1112.5,1653.5,2758.0,305,23.42
1124.0,865.3,2586.7,2325.0,305,28.11
822.8,657.4,3483.6,1937.2,305,32.81
569.9,526.7,4305.3,1499.1,305,37.91
498.2,430.1,5091.9,880.8,305,46.1
302.2,225.6,5985.4,387.8,305,68.89
468.7,397.5,295.5,5739.3,310,9.61
811.3,730.4,649.6,4709.7,310,11.53
1149.3,1048.9,1023.1,3679.7,310,14.25
1308.4,1161.5,1604.5,2826.6,310,23.42
1071.8,910.3,2541.7,2377.2,310,28.11
824.5,692.3,3448.7,1935.5,310,32.81
582.2,533.6,4298.4,1486.8,310,37.91
494.8,387.4,5134.6,884.2,310,46.1
322.8,209.4,6001.6,367.2,310,68.89
467.0,405.5,287.5,5741.0,315,9.61
858.7,705.2,674.8,4662.3,315,11.53
1201.9,957.6,1114.4,3627.1,315,14.25
1334.5,1168.6,1597.4,2800.5,315,23.42
993.8,992.3,2459.7,2455.2,315,28.11
874.9,662.2,3478.8,1885.1,315,32.81
510.3,535.2,4296.8,1558.7,315,37.91
433.7,449.9,5072.1,945.3,315,46.1
314.6,198.0,6013.0,375.4,315,68.89
403.1,418.8,274.2,5804.9,320,9.61
828.7,723.1,656.9,4692.3,320,11.53
1185.1,1019.8,1052.2,3643.9,320,14.25
1284.7,1175.9,1590.1,2850.3,320,23.42
1068.0,921.3,2530.7,2381.0,320,28.11
767.8,733.8,3407.2,1992.2,320,32.81
559.8,478.0,4354.0,1509.2,320,37.91
502.8,365.5,5156.5,876.2,320,46.1
322.9,197.8,6013.2,367.1,320,68.89
441.8,395.7,297.3,5766.2,325,9.61
885.8,709.4,670.6,4635.2,325,11.53
1158.9,1023.3,1048.7,3670.1,325,14.25
1341.1,1171.3,1594.7,2793.9,325,23.42
1122.1,853.8,2598.2,2326.9,325,28.11
795.3,655.2,3485.8,1964.7,325,32.81
559.6,477.5,4354.5,1509.4,325,37.91
467.3,410.7,5111.3,911.7,325,46.1
293.0,229.4,5981.6,397.0,325,68.89
465.9,390.9,302.1,5742.1,330,9.61
866.7,694.5,685.5,4654.3,330,11.53
1090.5,1073.9,998.1,3738.5,330,14.25
1290.5,1170.4,1595.6,2844.5,330,23.42
1031.0,908.6,2543.4,2418.0,330,28.11
828.4,656.2,3484.8,1931.6,330,32.81
598.6,441.4,4390.6,1470.4,330,37.91
449.3,383.6,5138.4,929.7,330,46.1
312.7,208.3,6002.7,377.3,330,68.89
458.0,386.1,306.9,5750.0,335,9.61
830.4,732.8,647.2,4690.6,335,11.53
1234.2,960.9,1111.1,3594.8,335,14.25
1330.9,1163.8,1602.2,2804.1,335,23.42
1134.4,872.5,2579.5,2314.6,335,28.11
881.7,591.6,3549.4,1878.3,335,32.81
612.8,489.7,4342.3,1456.2,335,37.91
480.2,403.9,5118.1,898.8,335,46.1
268.3,240.1,5970.9,421.7,335,68.89
432.3,420.9,272.1,5775.7,340,9.61
857.8,697.6,682.4,4663.2,340,11.53
1175.3,967.9,1104.1,3653.7,340,14.25
1285.2,1193.6,1572.4,2849.8,340,23.42
1101.9,885.2,2566.8,2347.1,340,28.11
857.5,636.8,3504.2,1902.5,340,32.81
563.7,540.9,4291.1,1505.3,340,37.91
409.4,445.5,5076.5,969.6,340,46.1
317.3,208.6,6002.4,372.7,340,68.89
497.1,371.0,322.0,5710.9,345,9.61
807.4,717.7,662.3,4713.6,345,11.53
1161.9,995.9,1076.1,3667.1,345,14.25
1405.7,1063.0,1703.0,2729.3,345,23.42
1031.8,950.4,2501.6,2417.2,345,28.11
823.3,652.8,3488.2,1936.7,345,32.81
554.9,485.6,4346.4,1514.1,345,37.91
424.9,410.9,5111.1,954.1,345,46.1
277.8,237.0,5974.0,412.2,345,68.89
451.1,411.5,281.5,5756.9,350,9.61
859.1,705.7,674.3,4661.9,350,11.53
1195.0,964.7,1107.3,3634.0,350,14.25
1310.6,1146.6,1619.4,2824.4,350,23.42
1066.8,922.5,2529.5,2382.2,350,28.11
880.4,593.1,3547.9,1879.6,350,32.81
571.4,463.4,4368.6,1497.6,350,37.91
428.5,376.8,5145.2,950.5,350,46.1
316.6,217.2,5993.8,373.4,350,68.89
398.8,433.6,259.4,5809.2,355,9.61
812.4,725.7,654.3,4708.6,355,11.53
1184.5,979.6,1092.4,3644.5,355,14.25
1349.9,1126.3,1639.7,2785.1,355,23.42
1042.2,963.6,2488.4,2406.8,355,28.11
794.2,679.8,3461.2,1965.8,355,32.81
605.4,469.6,4362.4,1463.6,355,37.91
458.1,391.1,5130.9,920.9,355,46.1
324.0,188.5,6022.5,366.0,355,68.89
462.0,384.6,308.4,5746.0,360,9.61
834.4,719.3,660.7,4686.6,360,11.53
1048.3,1092.1,979.9,3780.7,360,14.25
1341.8,1109.7,1656.3,2793.2,360,23.42
1038.2,955.5,2496.5,2410.8,360,28.11
820.2,653.3,3487.7,1939.8,360,32.81
600.6,463.6,4368.4,1468.4,360,37.91
503.3,379.9,5142.1,875.7,360,46.1
322.3,203.3,6007.7,367.7,360,68.89
517.2,380.2,312.8,5690.8,365,9.61
881.4,707.3,672.7,4639.6,365,11.53
1114.5,1040.7,1031.3,3714.5,365,14.25
1347.1,1119.9,1646.1,2787.9,365,23.42
1005.1,937.6,2514.4,2443.9,365,28.11
849.4,632.2,3508.8,1910.6,365,32.81
558.0,476.7,4355.3,1511.0,365,37.91
455.1,418.9,5103.1,923.9,365,46.1
300.0,205.7,6005.3,390.0,365,68.89
481.5,380.2,312.8,5726.5,370,9.61
851.4,699.4,680.6,4669.6,370,11.53
1190.0,978.9,1093.1,3639.0,370,14.25
1253.9,1228.4,1537.6,2881.1,370,23.42
1052.2,935.9,2516.1,2396.8,370,28.11
802.1,631.2,3509.8,1957.9,370,32.81
575.2,446.6,4385.4,1493.8,370,37.91
436.5,416.0,5106.0,942.5,370,46.1
281.5,239.3,5971.7,408.5,370,68.89
439.0,399.5,293.5,5769.0,375,9.61
860.1,691.1,688.9,4660.9,375,11.53
1153.1,1048.5,1023.5,3675.9,375,14.25
1356.9,1131.7,1634.3,2778.1,375,23.42
1115.2,838.2,2613.8,2333.8,375,28.11
781.1,658.1,3482.9,1978.9,375,32.81
565.5,477.3,4354.7,1503.5,375,37.91
351.0,426.1,5095.9,1028.0,375,46.1
313.8,203.3,6007.7,376.2,375,68.89
381.6,468.0,225.0,5826.4,380,9.61
808.1,743.1,636.9,4712.9,380,11.53
1133.7,1024.4,1047.6,3695.3,380,14.25
1299.1,1179.3,1586.7,2835.9,380,23.42
985.7,966.1,2485.9,2463.3,380,28.11
758.0,730.9,3410.1,2002.0,380,32.81
592.6,488.7,4343.3,1476.4,380,37.91
479.7,367.8,5154.2,899.3,380,46.1
310.8,223.4,5987.6,379.2,380,68.89
465.6,381.5,311.5,5742.4,385,9.61
868.9,678.9,701.1,4652.1,385,11.53
1111.8,1034.9,1037.1,3717.2,385,14.25
1349.8,1124.2,1641.8,2785.2,385,23.42
1085.3,895.4,2556.6,2363.7,385,28.11
822.5,701.9,3439.1,1937.5,385,32.81
608.9,464.5,4367.5,1460.1,385,37.91
422.1,386.3,5135.7,956.9,385,46.1
301.3,214.6,5996.4,388.7,385,68.89
442.3,388.9,304.1,5765.7,390,9.61
855.8,664.9,715.1,4665.2,390,11.53
1163.8,1025.3,1046.7,3665.2,390,14.25
1227.0,1225.3,1540.7,2908.0,390,23.42
1055.5,927.9,2524.1,2393.5,390,28.11
758.8,658.2,3482.8,2001.2,390,32.81
579.8,453.4,4378.6,1489.2,390,37.91
375.8,418.1,5103.9,1003.2,390,46.1
295.6,203.3,6007.7,394.4,390,68.89
485.4,364.7,328.3,5722.6,395,9.61
887.9,655.0,725.0,4633.1,395,11.53
1121.0,1026.8,1045.2,3708.0,395,14.25
1261.2,1185.4,1580.6,2873.8,395,23.42
1082.2,901.8,2550.2,2366.8,395,28.11
735.5,739.3,3401.7,2024.5,395,32.81
555.3,506.9,4325.1,1513.7,395,37.91
420.3,401.6,5120.4,958.7,395,46.1
313.0,209.6,6001.4,377.0,395,68.89
437.4,411.2,281.8,5770.6,400,9.61
846.5,709.8,670.2,4674.5,400,11.53
1139.4,1040.4,1031.6,3689.6,400,14.25
1229.2,1230.0,1536.0,2905.8,400,23.42
1018.1,927.2,2524.8,2430.9,400,28.11
802.5,674.8,3466.2,1957.5,400,32.81
560.0,500.1,4331.9,1509.0,400,37.91
467.4,351.8,5170.2,911.6,400,46.1
272.4,233.2,5977.8,417.6,400,68.89
432.9,395.0,298.0,5775.1,405,9.61
840.1,680.0,700.0,4680.9,405,11.53
1103.0,1038.9,1033.1,3726.0,405,14.25
1303.0,1158.7,1607.3,2832.0,405,23.42
1056.9,902.9,2549.1,2392.1,405,28.11
787.9,679.2,3461.8,1972.1,405,32.81
561.3,466.1,4365.9,1507.7,405,37.91
465.5,358.7,5163.3,913.5,405,46.1
290.3,225.9,5985.1,399.7,405,68.89
426.8,409.5,283.5,5781.2,410,9.61
842.7,709.7,670.3,4678.3,410,11.53
1118.7,1034.7,1037.3,3710.3,410,14.25
1345.3,1098.8,1667.2,2789.7,410,23.42
1088.0,857.1,2594.9,2361.0,410,28.11
783.9,652.2,3488.8,1976.1,410,32.81
576.2,469.6,4362.4,1492.8,410,37.91
441.7,368.3,5153.7,937.3,410,46.1
303.2,198.9,6012.1,386.8,410,68.89
477.7,384.4,308.6,5730.3,415,9.61
814.2,693.7,686.3,4706.8,415,11.53
1121.9,1000.0,1072.0,3707.1,415,14.25
1314.0,1146.9,1619.1,2821.0,415,23.42
1026.6,909.8,2542.2,2422.4,415,28.11
809.4,645.8,3495.2,1950.6,415,32.81
582.7,467.7,4364.3,1486.3,415,37.91
424.4,371.1,5150.9,954.6,415,46.1
285.1,227.7,5983.3,404.9,415,68.89
378.0,418.0,275.0,5830.0,420,9.61
845.4,701.2,678.8,4675.6,420,11.53
1160.0,968.4,1103.6,3669.0,420,14.25
1398.9,1119.2,1646.8,2736.1,420,23.42
1093.5,853.3,2598.7,2355.5,420,28.11
806.5,638.3,3502.7,1953.5,420,32.81
521.9,510.3,4321.7,1547.1,420,37.91
403.9,447.0,5075.0,975.1,420,46.1
302.7,215.0,5996.0,387.3,420,68.89
438.2,395.1,297.9,5769.8,425,9.61
857.3,675.4,704.6,4663.7,425,11.53
1160.8,976.3,1095.7,3668.2,425,14.25
1364.8,1101.5,1664.5,2770.2,425,23.42
1051.9,900.4,2551.6,2397.1,425,28.11
815.5,627.2,3513.8,1944.5,425,32.81
552.8,470.3,4361.7,1516.2,425,37.91
467.6,384.4,5137.6,911.4,425,46.1
287.7,215.8,5995.2,402.3,425,68.89
382.4,439.5,253.5,5825.6,430,9.61
829.6,721.1,658.9,4691.4,430,11.53
1021.7,1097.7,974.3,3807.3,430,14.25
1298.8,1184.5,1581.5,2836.2,430,23.42
1097.2,886.1,2565.9,2351.8,430,28.11
765.8,734.3,3406.7,1994.2,430,32.81
552.7,448.9,4383.1,1516.3,430,37.91
460.8,372.8,5149.2,918.2,430,46.1
283.1,224.0,5987.0,406.9,430,68.89
401.3,420.7,272.3,5806.7,435,9.61
827.7,712.6,667.4,4693.3,435,11.53
1183.3,969.6,1102.4,3645.7,435,14.25
1314.2,1142.9,1623.1,2820.8,435,23.42
962.1,976.2,2475.8,2486.9,435,28.11
763.5,675.5,3465.5,1996.5,435,32.81
554.2,470.3,4361.7,1514.8,435,37.91
478.5,383.4,5138.6,900.5,435,46.1
287.9,215.8,5995.2,402.1,435,68.89
392.0,414.4,278.6,5816.0,440,9.61
832.0,696.3,683.7,4689.0,440,11.53
1122.5,993.3,1078.7,3706.5,440,14.25
1334.4,1109.7,1656.3,2800.6,440,23.42
1022.4,946.2,2505.8,2426.6,440,28.11
757.9,679.7,3461.3,2002.1,440,32.81
581.0,451.4,4380.6,1488.0,440,37.91
452.0,381.1,5140.9,927.0,440,46.1
287.2,227.8,5983.2,402.8,440,68.89
462.7,374.5,318.5,5745.3,445,9.61
814.9,724.9,655.1,4706.1,445,11.53
1173.3,989.4,1082.6,3655.7,445,14.25
1286.2,1166.1,1599.9,2848.8,445,23.42
1007.9,889.2,2562.8,2441.1,445,28.11
811.2,632.4,3508.6,1948.8,445,32.81
533.1,486.8,4345.2,1535.9,445,37.91
394.7,410.6,5111.4,984.3,445,46.1
291.3,216.3,5994.7,398.7,445,68.89
452.2,400.1,292.9,5755.8,450,9.61
825.2,719.0,661.0,4695.8,450,11.53
1196.7,972.4,1099.6,3632.3,450,14.25
1324.4,1101.2,1664.8,2810.6,450,23.42
1065.1,878.1,2573.9,2383.9,450,28.11
756.3,731.1,3409.9,2003.7,450,32.81
536.9,494.4,4337.6,1532.1,450,37.91
444.1,362.0,5160.0,934.9,450,46.1
259.9,239.5,5971.5,430.1,450,68.89
427.7,390.7,302.3,5780.3,455,9.61
908.4,642.7,737.3,4612.6,455,11.53
1157.3,1018.7,1053.3,3671.7,455,14.25
1270.7,1195.6,1570.4,2864.3,455,23.42
1023.4,918.1,2533.9,2425.6,455,28.11
775.0,638.1,3502.9,1985.0,455,32.81
591.1,470.1,4361.9,1477.9,455,37.91
391.7,401.0,5121.0,987.3,455,46.1
275.1,220.6,5990.4,414.9,455,68.89
406.8,401.5,291.5,5801.2,460,9.61
821.0,696.8,683.2,4700.0,460,11.53
1119.6,991.1,1080.9,3709.4,460,14.25
1335.0,1132.2,1633.8,2800.0,460,23.42
1021.2,892.9,2559.1,2427.8,460,28.11
712.2,734.9,3406.1,2047.8,460,32.81
649.9,402.2,4429.8,1419.1,460,37.91
386.6,392.6,5129.4,992.4,460,46.1
254.3,241.3,5969.7,435.7,460,68.89
407.5,417.7,275.3,5800.5,465,9.61
802.8,719.5,660.5,4718.2,465,11.53
1058.4,1058.1,1013.9,3770.6,465,14.25
1238.3,1212.0,1554.0,2896.7,465,23.42
1073.5,914.8,2537.2,2375.5,465,28.11
772.0,611.2,3529.8,1988.0,465,32.81
594.8,420.2,4411.8,1474.2,465,37.91
427.9,333.2,5188.8,951.1,465,46.1
296.9,202.9,6008.1,393.1,465,68.89
482.6,373.4,319.6,5725.4,470,9.61
786.8,741.0,639.0,4734.2,470,11.53
1181.5,1000.1,1071.9,3647.5,470,14.25
1303.4,1179.1,1586.9,2831.6,470,23.42
1053.8,912.1,2539.9,2395.2,470,28.11
803.2,670.2,3470.8,1956.8,470,32.81
551.9,499.6,4332.4,1517.1,470,37.91
471.3,327.2,5194.8,907.7,470,46.1
274.5,228.3,5982.7,415.5,470,68.89
444.3,394.8,298.2,5763.7,475,9.61
809.2,723.0,657.0,4711.8,475,11.53
1024.1,1136.0,936.0,3804.9,475,14.25
1303.3,1134.6,1631.4,2831.7,475,23.42
1014.1,906.7,2545.3,2434.9,475,28.11
741.7,690.8,3450.2,2018.3,475,32.81
571.6,421.1,4410.9,1497.4,475,37.91
426.7,379.9,5142.1,952.3,475,46.1
267.8,248.6,5962.4,422.2,475,68.89
446.5,375.0,318.0,5761.5,480,9.61
803.1,725.6,654.4,4717.9,480,11.53
1122.5,1020.8,1051.2,3706.5,480,14.25
1346.0,1124.0,1642.0,2789.0,480,23.42
1064.2,833.5,2618.5,2384.8,480,28.11
722.8,683.9,3457.1,2037.2,480,32.81
562.8,464.7,4367.3,1506.2,480,37.91
411.2,401.5,5120.5,967.8,480,46.1
271.1,220.9,5990.1,418.9,480,68.89
473.8,390.8,302.2,5734.2,485,9.61
867.6,688.8,691.2,4653.4,485,11.53
1161.7,1002.4,1069.6,3667.3,485,14.25
1321.5,1114.6,1651.4,2813.5,485,23.42
982.6,932.6,2519.4,2466.4,485,28.11
793.3,649.4,3491.6,1966.7,485,32.81
571.0,451.8,4380.2,1498.0,485,37.91
434.0,355.8,5166.2,945.0,485,46.1
272.5,235.0,5976.0,417.5,485,68.89
425.2,424.1,268.9,5782.8,490,9.61
807.0,704.4,675.6,4714.0,490,11.53
1164.7,987.0,1085.0,3664.3,490,14.25
1223.2,1198.7,1567.3,2911.8,490,23.42
993.3,915.0,2537.0,2455.7,490,28.11
779.6,633.3,3507.7,1980.4,490,32.81
566.9,460.9,4371.1,1502.1,490,37.91
428.2,387.8,5134.2,950.8,490,46.1
305.6,202.2,6008.8,384.4,490,68.89
395.3,417.5,275.5,5812.7,495,9.61
816.0,696.5,683.5,4705.0,495,11.53
1113.3,1016.6,1055.4,3715.7,495,14.25
1472.9,966.0,1800.0,2662.1,495,23.42
1074.8,876.5,2575.5,2374.2,495,28.11
779.8,662.6,3478.4,1980.2,495,32.81
580.8,438.5,4393.5,1488.2,495,37.91
404.9,386.7,5135.3,974.1,495,46.1
282.3,212.0,5999.0,407.7,495,68.89
413.4,399.8,293.2,5794.6,500,9.61
800.5,726.3,653.7,4720.5,500,11.53
1177.5,984.7,1087.3,3651.5,500,14.25
1270.1,1191.6,1574.4,2864.9,500,23.42
1055.4,892.4,2559.6,2393.6,500,28.11
745.2,676.5,3464.5,2014.8,500,32.81
538.3,474.8,4357.2,1530.7,500,37.91
453.5,340.2,5181.8,925.5,500,46.1
278.0,221.1,5989.9,412.0,500,68.89
